0.50000000,1.0061186428879
0.50050000,1.0061186428879
0.50110000,1.0060180360541
0.50170000,1.0060180360541
0.50230000,1.0060180360541
0.50290000,1.0059174392804
0.50350000,1.0059174392804
0.50410000,1.0059174392804
0.50470000,1.0059174392804
0.50530000,1.0058168525659
0.50580000,1.0058168525659
0.50640000,1.0058168525659
0.50700000,1.0057162759095
0.50760000,1.0057162759095
0.50820000,1.0057162759095
0.50880000,1.0056157093104
0.50940000,1.0056157093104
0.51000000,1.0056157093104
0.51060000,1.0056157093104
0.51120000,1.0056157093104
0.51170000,1.0055151527673
0.51230000,1.0055151527673
0.51290000,1.0055151527673
0.51350000,1.0055151527673
0.51410000,1.0054146062795
0.51470000,1.0054146062795
0.51530000,1.0053140698457
0.51590000,1.0053140698457
0.51650000,1.0053140698457
0.51710000,1.0053140698457
0.51760000,1.0052135434652
0.51820000,1.0052135434652
0.51880000,1.0052135434652
0.51940000,1.0051130271367
0.52000000,1.0051130271367
0.52060000,1.0051130271367
0.52120000,1.0050125208594
0.52180000,1.0050125208594
0.52240000,1.0050125208594
0.52300000,1.0049120246322
0.52350000,1.0049120246322
0.52410000,1.0049120246322
0.52470000,1.0049120246322
0.52530000,1.0048115384541
0.52590000,1.0048115384541
0.52650000,1.0048115384541
0.52710000,1.0048115384541
0.52770000,1.0047110623242
0.52830000,1.0047110623242
0.52890000,1.0046105962413
0.52940000,1.0046105962413
0.53000000,1.0046105962413
0.53060000,1.0046105962413
0.53120000,1.0045101402046
0.53180000,1.0045101402046
0.53240000,1.0045101402046
0.53300000,1.0045101402046
0.53360000,1.004409694213
0.53420000,1.004409694213
0.53480000,1.0043092582654
0.53530000,1.0043092582654
0.53590000,1.0043092582654
0.53650000,1.0043092582654
0.53710000,1.004208832361
0.53770000,1.0041084164986
0.53830000,1.0041084164986
0.53890000,1.0041084164986
0.53950000,1.0040080106773
0.54010000,1.0040080106773
0.54070000,1.0039076148961
0.54120000,1.0039076148961
0.54180000,1.0039076148961
0.54240000,1.003807229154
0.54300000,1.003807229154
0.54360000,1.00370685345
0.54420000,1.00370685345
0.54480000,1.00370685345
0.54540000,1.003606487783
0.54600000,1.003606487783
0.54660000,1.003606487783
0.54710000,1.003606487783
0.54770000,1.0035061321521
0.54830000,1.0035061321521
0.54890000,1.0034057865562
0.54950000,1.0034057865562
0.55010000,1.0033054509944
0.55070000,1.0033054509944
0.55130000,1.0032051254657
0.55190000,1.0032051254657
0.55250000,1.0032051254657
0.55300000,1.003104809969
0.55360000,1.003104809969
0.55420000,1.0030045045034
0.55480000,1.0030045045034
0.55540000,1.0030045045034
0.55600000,1.0030045045034
0.55660000,1.0030045045034
0.55720000,1.0030045045034
0.55780000,1.0029042090678
0.55840000,1.0029042090678
0.55890000,1.0029042090678
0.55950000,1.0029042090678
0.56010000,1.0029042090678
0.56070000,1.0029042090678
0.56130000,1.0029042090678
0.56190000,1.0030045045034
0.56250000,1.0030045045034
0.56310000,1.0030045045034
0.56370000,1.0029042090678
0.56430000,1.0029042090678
0.56480000,1.0029042090678
0.56540000,1.0029042090678
0.56600000,1.0029042090678
0.56660000,1.0028039236612
0.56720000,1.0028039236612
0.56780000,1.0028039236612
0.56840000,1.0028039236612
0.56900000,1.0028039236612
0.56960000,1.0028039236612
0.57020000,1.0028039236612
0.57070000,1.0028039236612
0.57130000,1.0028039236612
0.57190000,1.0028039236612
0.57250000,1.0028039236612
0.57310000,1.0028039236612
0.57370000,1.0028039236612
0.57430000,1.0027036482827
0.57490000,1.0027036482827
0.57550000,1.0027036482827
0.57610000,1.0027036482827
0.57660000,1.0027036482827
0.57720000,1.0027036482827
0.57780000,1.0027036482827
0.57840000,1.0027036482827
0.57900000,1.0027036482827
0.57960000,1.0026033829312
0.58020000,1.0026033829312
0.58080000,1.0025031276058
0.58140000,1.0025031276058
0.58200000,1.0026033829312
0.58250000,1.0026033829312
0.58310000,1.0026033829312
0.58370000,1.0026033829312
0.58430000,1.0026033829312
0.58490000,1.0026033829312
0.58550000,1.0026033829312
0.58610000,1.0026033829312
0.58670000,1.0026033829312
0.58730000,1.0026033829312
0.58790000,1.0025031276058
0.58840000,1.0025031276058
0.58900000,1.0025031276058
0.58960000,1.0025031276058
0.59020000,1.0025031276058
0.59080000,1.0024028823054
0.59140000,1.0024028823054
0.59200000,1.0024028823054
0.59260000,1.0024028823054
0.59320000,1.0024028823054
0.59380000,1.0024028823054
0.59430000,1.0024028823054
0.59490000,1.0024028823054
0.59550000,1.0024028823054
0.59610000,1.0025031276058
0.59670000,1.0025031276058
0.59730000,1.0027036482827
0.59790000,1.0027036482827
0.59850000,1.0027036482827
0.59910000,1.0027036482827
0.59970000,1.0027036482827
0.60020000,1.0028039236612
0.60080000,1.0030045045034
0.60140000,1.0030045045034
0.60200000,1.0030045045034
0.60260000,1.0030045045034
0.60320000,1.0030045045034
0.60380000,1.0030045045034
0.60440000,1.0030045045034
0.60500000,1.0030045045034
0.60560000,1.0030045045034
0.60610000,1.0030045045034
0.60670000,1.0030045045034
0.60730000,1.003104809969
0.60790000,1.003104809969
0.60850000,1.003104809969
0.60910000,1.003104809969
0.60970000,1.003104809969
0.61030000,1.0032051254657
0.61090000,1.003104809969
0.61150000,1.0032051254657
0.61200000,1.003104809969
0.61260000,1.003104809969
0.61320000,1.003104809969
0.61380000,1.003104809969
0.61440000,1.003104809969
0.61500000,1.0030045045034
0.61560000,1.0030045045034
0.61620000,1.0029042090678
0.61680000,1.0029042090678
0.61740000,1.0029042090678
0.61790000,1.0028039236612
0.61850000,1.0028039236612
0.61910000,1.0028039236612
0.61970000,1.0028039236612
0.62030000,1.0028039236612
0.62090000,1.0028039236612
0.62150000,1.0028039236612
0.62210000,1.0028039236612
0.62270000,1.0028039236612
0.62330000,1.0028039236612
0.62380000,1.0028039236612
0.62440000,1.0028039236612
0.62500000,1.0027036482827
0.62560000,1.0027036482827
0.62620000,1.0026033829312
0.62680000,1.0026033829312
0.62740000,1.0026033829312
0.62800000,1.0025031276058
0.62860000,1.0025031276058
0.62920000,1.0025031276058
0.62970000,1.0024028823054
0.63030000,1.0024028823054
0.63090000,1.0024028823054
0.63150000,1.0024028823054
0.63210000,1.0024028823054
0.63270000,1.0024028823054
0.63330000,1.0024028823054
0.63390000,1.0025031276058
0.63450000,1.0025031276058
0.63510000,1.0025031276058
0.63560000,1.0025031276058
0.63620000,1.0026033829312
0.63680000,1.0025031276058
0.63740000,1.0025031276058
0.63800000,1.0025031276058
0.63860000,1.0025031276058
0.63920000,1.0024028823054
0.63980000,1.0024028823054
0.64040000,1.0024028823054
0.64100000,1.0024028823054
0.64150000,1.002302647029
0.64210000,1.002302647029
0.64270000,1.002302647029
0.64330000,1.0022024217756
0.64390000,1.0022024217756
0.64450000,1.0022024217756
0.64510000,1.0021022065443
0.64570000,1.0021022065443
0.64630000,1.0022024217756
0.64690000,1.0022024217756
0.64740000,1.0022024217756
0.64800000,1.0022024217756
0.64860000,1.0022024217756
0.64920000,1.0021022065443
0.64980000,1.0022024217756
0.65040000,1.0022024217756
0.65100000,1.0022024217756
0.65160000,1.0022024217756
0.65220000,1.0022024217756
0.65280000,1.0022024217756
0.65330000,1.0022024217756
0.65390000,1.0022024217756
0.65450000,1.0022024217756
0.65510000,1.0022024217756
0.65570000,1.0022024217756
0.65630000,1.0022024217756
0.65690000,1.0022024217756
0.65750000,1.0022024217756
0.65810000,1.0022024217756
0.65870000,1.002302647029
0.65920000,1.002302647029
0.65980000,1.0024028823054
0.66040000,1.0024028823054
0.66100000,1.0025031276058
0.66160000,1.0025031276058
0.66220000,1.0026033829312
0.66280000,1.0027036482827
0.66340000,1.0027036482827
0.66400000,1.0027036482827
0.66460000,1.0028039236612
0.66510000,1.0028039236612
0.66570000,1.0029042090678
0.66630000,1.0029042090678
0.66690000,1.0029042090678
0.66750000,1.0030045045034
0.66810000,1.0030045045034
0.66870000,1.0030045045034
0.66930000,1.0030045045034
0.66990000,1.0030045045034
0.67050000,1.0030045045034
0.67100000,1.0029042090678
0.67160000,1.0029042090678
0.67220000,1.0029042090678
0.67280000,1.0028039236612
0.67340000,1.0028039236612
0.67400000,1.0028039236612
0.67460000,1.0027036482827
0.67520000,1.0027036482827
0.67580000,1.0027036482827
0.67640000,1.0027036482827
0.67690000,1.0027036482827
0.67750000,1.0027036482827
0.67810000,1.0026033829312
0.67870000,1.0025031276058
0.67930000,1.0025031276058
0.67990000,1.0025031276058
0.68050000,1.0024028823054
0.68110000,1.0024028823054
0.68170000,1.0024028823054
0.68230000,1.0024028823054
0.68280000,1.002302647029
0.68340000,1.002302647029
0.68400000,1.0021022065443
0.68460000,1.0021022065443
0.68520000,1.002002001334
0.68580000,1.002002001334
0.68640000,1.0019018061437
0.68700000,1.0018016209724
0.68760000,1.0017014458192
0.68820000,1.0016012806829
0.68870000,1.0016012806829
0.68930000,1.0015011255627
0.68990000,1.0015011255627
0.69050000,1.0015011255627
0.69110000,1.0014009804575
0.69170000,1.0014009804575
0.69230000,1.0013008453663
0.69290000,1.0013008453663
0.69350000,1.0013008453663
0.69410000,1.0013008453663
0.69460000,1.0013008453663
0.69520000,1.0013008453663
0.69580000,1.0013008453663
0.69640000,1.0012007202881
0.69700000,1.0012007202881
0.69760000,1.0013008453663
0.69820000,1.0013008453663
0.69880000,1.0012007202881
0.69940000,1.0012007202881
0.70000000,1.0012007202881
0.70050000,1.0012007202881
0.70110000,1.0012007202881
0.70170000,1.0012007202881
0.70230000,1.0012007202881
0.70290000,1.0012007202881
0.70350000,1.0012007202881
0.70410000,1.0013008453663
0.70470000,1.0013008453663
0.70530000,1.0013008453663
0.70590000,1.0014009804575
0.70640000,1.0015011255627
0.70700000,1.0015011255627
0.70760000,1.0015011255627
0.70820000,1.0016012806829
0.70880000,1.0017014458192
0.70940000,1.0018016209724
0.71000000,1.0019018061437
0.71060000,1.002002001334
0.71120000,1.0021022065443
0.71180000,1.0022024217756
0.71230000,1.0024028823054
0.71290000,1.0025031276058
0.71350000,1.0027036482827
0.71410000,1.0028039236612
0.71470000,1.003104809969
0.71530000,1.0033054509944
0.71590000,1.0035061321521
0.71650000,1.00370685345
0.71710000,1.0039076148961
0.71770000,1.0041084164986
0.71820000,1.0043092582654
0.71880000,1.0045101402046
0.71940000,1.0046105962413
0.72000000,1.0047110623242
0.72060000,1.0048115384541
0.72120000,1.0048115384541
0.72180000,1.0047110623242
0.72240000,1.0045101402046
0.72300000,1.0043092582654
0.72360000,1.0040080106773
0.72410000,1.00370685345
0.72470000,1.0035061321521
0.72530000,1.0032051254657
0.72590000,1.0030045045034
0.72650000,1.0028039236612
0.72710000,1.0025031276058
0.72770000,1.002302647029
0.72830000,1.0021022065443
0.72890000,1.0019018061437
0.72950000,1.0018016209724
0.73000000,1.0018016209724
0.73060000,1.0019018061437
0.73120000,1.0019018061437
0.73180000,1.002002001334
0.73240000,1.0021022065443
0.73300000,1.0022024217756
0.73360000,1.0024028823054
0.73420000,1.0026033829312
0.73480000,1.0027036482827
0.73540000,1.0028039236612
0.73590000,1.0029042090678
0.73650000,1.0030045045034
0.73710000,1.0032051254657
0.73770000,1.0033054509944
0.73830000,1.0034057865562
0.73890000,1.0035061321521
0.73950000,1.003606487783
0.74010000,1.003606487783
0.74070000,1.003606487783
0.74130000,1.0035061321521
0.74180000,1.0035061321521
0.74240000,1.0034057865562
0.74300000,1.0032051254657
0.74360000,1.003104809969
0.74420000,1.0029042090678
0.74480000,1.0027036482827
0.74540000,1.0026033829312
0.74600000,1.0024028823054
0.74660000,1.0022024217756
0.74720000,1.002002001334
0.74770000,1.0018016209724
0.74830000,1.0017014458192
0.74890000,1.0016012806829
0.74950000,1.0014009804575
0.75010000,1.0013008453663
0.75070000,1.0012007202881
0.75130000,1.0011006052219
0.75190000,1.0011006052219
0.75250000,1.0010005001667
0.75310000,1.0010005001667
0.75360000,1.0009004051215
0.75420000,1.0008003200854
0.75480000,1.0008003200854
0.75540000,1.0008003200854
0.75600000,1.0008003200854
0.75660000,1.0007002450572
0.75720000,1.0007002450572
0.75780000,1.000600180036
0.75840000,1.000600180036
0.75900000,1.000600180036
0.75950000,1.000600180036
0.76010000,1.000600180036
0.76070000,1.000600180036
0.76130000,1.000600180036
0.76190000,1.0005001250208
0.76250000,1.0005001250208
0.76310000,1.0005001250208
0.76370000,1.0005001250208
0.76430000,1.0005001250208
0.76490000,1.0005001250208
0.76540000,1.0005001250208
0.76600000,1.0005001250208
0.76660000,1.0005001250208
0.76720000,1.0005001250208
0.76780000,1.0005001250208
0.76840000,1.0005001250208
0.76900000,1.0005001250208
0.76960000,1.0004000800107
0.77020000,1.0004000800107
0.77080000,1.0005001250208
0.77130000,1.0005001250208
0.77190000,1.0004000800107
0.77250000,1.0004000800107
0.77310000,1.0004000800107
0.77370000,1.0004000800107
0.77430000,1.0004000800107
0.77490000,1.0004000800107
0.77550000,1.0004000800107
0.77610000,1.0005001250208
0.77670000,1.0005001250208
0.77720000,1.000600180036
0.77780000,1.000600180036
0.77840000,1.000600180036
0.77900000,1.0005001250208
0.77960000,1.0004000800107
0.78020000,1.0004000800107
0.78080000,1.0004000800107
0.78140000,1.0004000800107
0.78200000,1.0005001250208
0.78260000,1.0005001250208
0.78310000,1.0005001250208
0.78370000,1.000600180036
0.78430000,1.0007002450572
0.78490000,1.0007002450572
0.78550000,1.0007002450572
0.78610000,1.0008003200854
0.78670000,1.0008003200854
0.78730000,1.0009004051215
0.78790000,1.0010005001667
0.78850000,1.0010005001667
0.78900000,1.0011006052219
0.78960000,1.0012007202881
0.79020000,1.0014009804575
0.79080000,1.0015011255627
0.79140000,1.0017014458192
0.79200000,1.0019018061437
0.79260000,1.0021022065443
0.79320000,1.0024028823054
0.79380000,1.0026033829312
0.79440000,1.0029042090678
0.79490000,1.0032051254657
0.79550000,1.0035061321521
0.79610000,1.00370685345
0.79670000,1.0040080106773
0.79730000,1.0043092582654
0.79790000,1.0046105962413
0.79850000,1.0048115384541
0.79910000,1.0050125208594
0.79970000,1.0051130271367
0.80020000,1.0053140698457
0.80080000,1.0053140698457
0.80140000,1.0052135434652
0.80200000,1.0049120246322
0.80260000,1.0047110623242
0.80320000,1.004409694213
0.80380000,1.0041084164986
0.80440000,1.003807229154
0.80500000,1.0034057865562
0.80560000,1.003104809969
0.80610000,1.0028039236612
0.80670000,1.0024028823054
0.80730000,1.0021022065443
0.80790000,1.0018016209724
0.80850000,1.0015011255627
0.80910000,1.0013008453663
0.80970000,1.0011006052219
0.81030000,1.0010005001667
0.81090000,1.0008003200854
0.81150000,1.0008003200854
0.81200000,1.0007002450572
0.81260000,1.0007002450572
0.81320000,1.0007002450572
0.81380000,1.0007002450572
0.81440000,1.0008003200854
0.81500000,1.0008003200854
0.81560000,1.0009004051215
0.81620000,1.0010005001667
0.81680000,1.0011006052219
0.81740000,1.0012007202881
0.81790000,1.0014009804575
0.81850000,1.0015011255627
0.81910000,1.0017014458192
0.81970000,1.0019018061437
0.82030000,1.0021022065443
0.82090000,1.002302647029
0.82150000,1.0025031276058
0.82210000,1.0027036482827
0.82270000,1.0030045045034
0.82330000,1.0032051254657
0.82380000,1.0035061321521
0.82440000,1.00370685345
0.82500000,1.003807229154
0.82560000,1.0040080106773
0.82620000,1.004208832361
0.82680000,1.004208832361
0.82740000,1.0041084164986
0.82800000,1.0039076148961
0.82860000,1.00370685345
0.82920000,1.0034057865562
0.82970000,1.0032051254657
0.83030000,1.0030045045034
0.83090000,1.0027036482827
0.83150000,1.0024028823054
0.83210000,1.0022024217756
0.83270000,1.0018016209724
0.83330000,1.0016012806829
0.83390000,1.0013008453663
0.83450000,1.0011006052219
0.83510000,1.0009004051215
0.83560000,1.0008003200854
0.83620000,1.000600180036
0.83680000,1.0004000800107
0.83740000,1.0003000450045
0.83800000,1.0003000450045
0.83860000,1.0002000200013
0.83920000,1.0002000200013
0.83980000,1.0001000050002
0.84040000,1.0001000050002
0.84100000,1.0001000050002
0.84150000,1.0001000050002
0.84210000,1.0001000050002
0.84270000,1.0001000050002
0.84330000,1.0001000050002
0.84390000,1.0001000050002
0.84450000,1.0002000200013
0.84510000,1.0002000200013
0.84570000,1.0002000200013
0.84630000,1.0002000200013
0.84690000,1.0003000450045
0.84740000,1.0003000450045
0.84800000,1.0004000800107
0.84860000,1.0005001250208
0.84920000,1.000600180036
0.84980000,1.000600180036
0.85040000,1.000600180036
0.85100000,1.0007002450572
0.85160000,1.0008003200854
0.85220000,1.0009004051215
0.85280000,1.0009004051215
0.85330000,1.0010005001667
0.85390000,1.0011006052219
0.85450000,1.0012007202881
0.85510000,1.0013008453663
0.85570000,1.0014009804575
0.85630000,1.0016012806829
0.85690000,1.0017014458192
0.85750000,1.0019018061437
0.85810000,1.002002001334
0.85870000,1.0021022065443
0.85920000,1.002302647029
0.85980000,1.0025031276058
0.86040000,1.0027036482827
0.86100000,1.0028039236612
0.86160000,1.0030045045034
0.86220000,1.0032051254657
0.86280000,1.0034057865562
0.86340000,1.003606487783
0.86400000,1.003807229154
0.86460000,1.0040080106773
0.86510000,1.004208832361
0.86570000,1.0045101402046
0.86630000,1.0048115384541
0.86690000,1.0051130271367
0.86750000,1.0055151527673
0.86810000,1.0058168525659
0.86870000,1.006219259783
0.86930000,1.0066218279952
0.86990000,1.0070245572668
0.87050000,1.0075281954445
0.87100000,1.0079312873357
0.87160000,1.0084353789918
0.87220000,1.008838833829
0.87280000,1.0094443187566
0.87340000,1.0099491671175
0.87400000,1.100759063994
0.87460000,1.1057236417041
0.87520000,1.1102664149566
0.87580000,1.1148278518136
0.87640000,1.1198558817293
0.87690000,1.1244567161099
0.87750000,1.1295281735535
0.87810000,1.1337151689605
0.87870000,1.1379176849459
0.87930000,1.1421357790421
0.87990000,1.1454527801283
0.88050000,1.1486645422813
0.88110000,1.1510792723993
0.88170000,1.1533837346382
0.88230000,1.1529224734027
0.88280000,1.1486645422813
0.88340000,1.1449946906402
0.88400000,1.1412224358049
0.88460000,1.1360984724081
0.88520000,1.1305452065059
0.88580000,1.1235575104672
0.88640000,1.116166448233
0.88700000,1.108491409076
0.88760000,1.1003188484174
0.88820000,1.0095452682359
0.88870000,1.0087379549896
0.88930000,1.0079312873357
0.88990000,1.0070245572668
0.89050000,1.0063198867402
0.89110000,1.0056157093104
0.89170000,1.0050125208594
0.89230000,1.0045101402046
0.89290000,1.0041084164986
0.89350000,1.00370685345
0.89410000,1.0033054509944
0.89460000,1.0030045045034
0.89520000,1.0028039236612
0.89580000,1.0028039236612
0.89640000,1.0029042090678
0.89700000,1.0030045045034
0.89760000,1.003104809969
0.89820000,1.0033054509944
0.89880000,1.0034057865562
0.89940000,1.0035061321521
0.90000000,1.00370685345
0.90050000,1.0039076148961
0.90110000,1.0041084164986
0.90170000,1.0043092582654
0.90230000,1.0045101402046
0.90290000,1.0048115384541
0.90350000,1.0049120246322
0.90410000,1.0052135434652
0.90470000,1.0054146062795
0.90530000,1.0057162759095
0.90590000,1.0060180360541
0.90640000,1.006219259783
0.90700000,1.0065211708453
0.90760000,1.0067224952112
0.90820000,1.0069238598461
0.90880000,1.0071252647579
0.90940000,1.0072259823201
0.91000000,1.0074274476625
0.91060000,1.0075281954445
0.91120000,1.0074274476625
0.91180000,1.0072259823201
0.91230000,1.0070245572668
0.91290000,1.0067224952112
0.91350000,1.0064205237607
0.91410000,1.0061186428879
0.91470000,1.0058168525659
0.91530000,1.0055151527673
0.91590000,1.0052135434652
0.91650000,1.0049120246322
0.91710000,1.0046105962413
0.91770000,1.0043092582654
0.91820000,1.0040080106773
0.91880000,1.00370685345
0.91940000,1.003606487783
0.92000000,1.0034057865562
0.92060000,1.0032051254657
0.92120000,1.003104809969
0.92180000,1.0030045045034
0.92240000,1.0029042090678
0.92300000,1.0029042090678
0.92360000,1.0028039236612
0.92410000,1.0028039236612
0.92470000,1.0027036482827
0.92530000,1.0027036482827
0.92590000,1.0027036482827
0.92650000,1.0027036482827
0.92710000,1.0027036482827
0.92770000,1.0028039236612
0.92830000,1.0028039236612
0.92890000,1.0028039236612
0.92950000,1.0028039236612
0.93000000,1.0029042090678
0.93060000,1.0029042090678
0.93120000,1.0030045045034
0.93180000,1.0030045045034
0.93240000,1.003104809969
0.93300000,1.003104809969
0.93360000,1.0032051254657
0.93420000,1.0033054509944
0.93480000,1.0034057865562
0.93540000,1.0034057865562
0.93590000,1.0035061321521
0.93650000,1.003606487783
0.93710000,1.003606487783
0.93770000,1.003606487783
0.93830000,1.00370685345
0.93890000,1.00370685345
0.93950000,1.00370685345
0.94010000,1.003807229154
0.94070000,1.003807229154
0.94130000,1.003807229154
0.94180000,1.003807229154
0.94240000,1.003807229154
0.94300000,1.00370685345
0.94360000,1.00370685345
0.94420000,1.003606487783
0.94480000,1.003606487783
0.94540000,1.003606487783
0.94600000,1.003606487783
0.94660000,1.00370685345
0.94720000,1.003807229154
0.94770000,1.0039076148961
0.94830000,1.0040080106773
0.94890000,1.0041084164986
0.94950000,1.004208832361
0.95010000,1.004409694213
0.95070000,1.0047110623242
0.95130000,1.0049120246322
0.95190000,1.0052135434652
0.95250000,1.0055151527673
0.95310000,1.0058168525659
0.95360000,1.006219259783
0.95420000,1.0066218279952
0.95480000,1.0070245572668
0.95540000,1.0074274476625
0.95600000,1.0080320855043
0.95660000,1.008536227572
0.95720000,1.0090406217739
0.95780000,1.0095452682359
0.95840000,1.0099491671175
0.95900000,1.1020807677344
0.95950000,1.1066085745434
0.96010000,1.1117106998778
0.96070000,1.1157200709351
0.96130000,1.1198558817293
0.96190000,1.1226590239014
0.96250000,1.1259194604186
0.96310000,1.1286249123673
0.96370000,1.1309975150442
0.96430000,1.1332617735781
0.96490000,1.1332617735781
0.96540000,1.1314500045421
0.96600000,1.1286249123673
0.96660000,1.1259194604186
0.96720000,1.1231081773356
0.96780000,1.1198558817293
0.96840000,1.116166448233
0.96900000,1.1117106998778
0.96960000,1.1066085745434
0.97020000,1.100759063994
0.97080000,1.0098481772504
0.97130000,1.0093433793718
0.97190000,1.0087379549896
0.97250000,1.0082337120834
0.97310000,1.0076289533019
0.97370000,1.0072259823201
0.97430000,1.0066218279952
0.97490000,1.006219259783
0.97550000,1.0058168525659
0.97610000,1.0054146062795
0.97670000,1.0051130271367
0.97720000,1.0048115384541
0.97780000,1.0045101402046
0.97840000,1.0043092582654
0.97900000,1.0041084164986
0.97960000,1.0040080106773
0.98020000,1.003807229154
0.98080000,1.00370685345
0.98140000,1.003606487783
0.98200000,1.0035061321521
0.98260000,1.0034057865562
0.98310000,1.0034057865562
0.98370000,1.0033054509944
0.98430000,1.0033054509944
0.98490000,1.0034057865562
0.98550000,1.0034057865562
0.98610000,1.0035061321521
0.98670000,1.003606487783
0.98730000,1.00370685345
0.98790000,1.003807229154
0.98850000,1.003807229154
0.98900000,1.0039076148961
0.98960000,1.0040080106773
0.99020000,1.0041084164986
0.99080000,1.004208832361
0.99140000,1.0043092582654
0.99200000,1.0045101402046
0.99260000,1.0046105962413
0.99320000,1.0047110623242
0.99380000,1.0049120246322
0.99440000,1.0050125208594
0.99490000,1.0052135434652
0.99550000,1.0054146062795
0.99610000,1.0056157093104
0.99670000,1.0058168525659
0.99730000,1.0060180360541
0.99790000,1.0063198867402
0.99850000,1.0065211708453
0.99910000,1.0068231724945
0.99970000,1.0071252647579
1.00030000,1.0075281954445
1.00080000,1.0078304992465
1.00140000,1.0081328937532
1.00200000,1.008536227572
1.00260000,1.0089397227567
1.00320000,1.0094443187566
1.00380000,1.0099491671175
1.00440000,1.1020807677344
1.00500000,1.1061660196304
1.00560000,1.1107106103557
1.00620000,1.116166448233
1.00670000,1.1207521248842
1.00730000,1.1263699182884
1.00790000,1.1323555267063
1.00850000,1.1388283833246
1.00910000,1.1449946906402
1.00970000,1.1510792723993
1.01030000,1.1567334021389
1.01090000,1.1624153051031
1.01150000,1.1671909913209
1.01210000,1.1715175972738
1.01260000,1.175860241321
1.01320000,1.1802189829132
1.01380000,1.1836465855854
1.01440000,1.1864907490217
1.01500000,1.1889849976391
1.01560000,1.1864907490217
1.01620000,1.1825817828914
1.01680000,1.1788035695516
1.01740000,1.1744500553122
1.01800000,1.1691769035532
1.01850000,1.1633456094193
1.01910000,1.1562708013044
1.01970000,1.1477459781221
1.02030000,1.1388283833246
1.02090000,1.131902675072
1.02150000,1.1249065887649
1.02210000,1.1176184081852
1.02270000,1.1107106103557
1.02330000,1.103073086902
1.02390000,1.0097471974818
1.02440000,1.0089397227567
1.02500000,1.0084353789918
1.02560000,1.0079312873357
1.02620000,1.0074274476625
1.02680000,1.0069238598461
1.02740000,1.0065211708453
1.02800000,1.006219259783
1.02860000,1.0058168525659
1.02920000,1.0055151527673
1.02980000,1.0053140698457
1.03030000,1.0051130271367
1.03090000,1.0049120246322
1.03150000,1.0048115384541
1.03210000,1.0047110623242
1.03270000,1.0045101402046
1.03330000,1.004409694213
1.03390000,1.0043092582654
1.03450000,1.0043092582654
1.03510000,1.004208832361
1.03570000,1.004208832361
1.03620000,1.0041084164986
1.03680000,1.0041084164986
1.03740000,1.0041084164986
1.03800000,1.0040080106773
1.03860000,1.0040080106773
1.03920000,1.0040080106773
1.03980000,1.0040080106773
1.04040000,1.0039076148961
1.04100000,1.0039076148961
1.04160000,1.0040080106773
1.04210000,1.0040080106773
1.04270000,1.0041084164986
1.04330000,1.004208832361
1.04390000,1.0043092582654
1.04450000,1.004409694213
1.04510000,1.0046105962413
1.04570000,1.0047110623242
1.04630000,1.0049120246322
1.04690000,1.0051130271367
1.04750000,1.0053140698457
1.04800000,1.0056157093104
1.04860000,1.0058168525659
1.04920000,1.0061186428879
1.04980000,1.0064205237607
1.05040000,1.0067224952112
1.05100000,1.0070245572668
1.05160000,1.0073267099547
1.05220000,1.0077297212355
1.05280000,1.0081328937532
1.05340000,1.008536227572
1.05390000,1.008838833829
1.05450000,1.0092424500804
1.05510000,1.0095452682359
1.05570000,1.0098481772504
1.05630000,1.098999257712
1.05690000,1.101640023582
1.05750000,1.1043975691367
1.05810000,1.1071620171798
1.05870000,1.1089348943308
1.05930000,1.1117106998778
1.05980000,1.113936346182
1.06040000,1.1157200709351
1.06100000,1.1176184081852
1.06160000,1.1189603552823
1.06220000,1.1207521248842
1.06280000,1.1222100500926
1.06340000,1.124007023368
1.06400000,1.1249065887649
1.06460000,1.1259194604186
1.06520000,1.1272713747575
1.06570000,1.1259194604186
1.06630000,1.1235575104672
1.06690000,1.121312641064
1.06750000,1.1180655449699
1.06810000,1.1152738721525
1.06870000,1.1111549834685
1.06930000,1.1066085745434
1.06990000,1.1020807677344
1.07050000,1.0099491671175
1.07110000,1.0094443187566
1.07160000,1.008838833829
1.07220000,1.0082337120834
1.07280000,1.0076289533019
1.07340000,1.0069238598461
1.07400000,1.0063198867402
1.07460000,1.0058168525659
1.07520000,1.0054146062795
1.07580000,1.0049120246322
1.07640000,1.0045101402046
1.07700000,1.0041084164986
1.07750000,1.00370685345
1.07810000,1.0034057865562
1.07870000,1.003104809969
1.07930000,1.0029042090678
1.07990000,1.0027036482827
1.08050000,1.0025031276058
1.08110000,1.0024028823054
1.08170000,1.002302647029
1.08230000,1.0021022065443
1.08290000,1.002002001334
1.08340000,1.0019018061437
1.08400000,1.0018016209724
1.08460000,1.0018016209724
1.08520000,1.0018016209724
1.08580000,1.0017014458192
1.08640000,1.0016012806829
1.08700000,1.0016012806829
1.08760000,1.0016012806829
1.08820000,1.0016012806829
1.08880000,1.0015011255627
1.08930000,1.0016012806829
1.08990000,1.0016012806829
1.09050000,1.0016012806829
1.09110000,1.0016012806829
1.09170000,1.0016012806829
1.09230000,1.0016012806829
1.09290000,1.0016012806829
1.09350000,1.0016012806829
1.09410000,1.0017014458192
1.09460000,1.0017014458192
1.09520000,1.0017014458192
1.09580000,1.0018016209724
1.09640000,1.0019018061437
1.09700000,1.002002001334
1.09760000,1.002002001334
1.09820000,1.0022024217756
1.09880000,1.002302647029
1.09940000,1.0024028823054
1.10000000,1.0026033829312
1.10050000,1.0028039236612
1.10110000,1.0030045045034
1.10170000,1.0032051254657
1.10230000,1.0034057865562
1.10290000,1.003606487783
1.10350000,1.003807229154
1.10410000,1.0041084164986
1.10470000,1.0043092582654
1.10530000,1.004409694213
1.10590000,1.0045101402046
1.10640000,1.0047110623242
1.10700000,1.0049120246322
1.10760000,1.0049120246322
1.10820000,1.0050125208594
1.10880000,1.0051130271367
1.10940000,1.0051130271367
1.11000000,1.0052135434652
1.11060000,1.0052135434652
1.11120000,1.0053140698457
1.11180000,1.0054146062795
1.11230000,1.0056157093104
1.11290000,1.0057162759095
1.11350000,1.0059174392804
1.11410000,1.0061186428879
1.11470000,1.0063198867402
1.11530000,1.0065211708453
1.11590000,1.0068231724945
1.11650000,1.0071252647579
1.11710000,1.0074274476625
1.11770000,1.0077297212355
1.11820000,1.0080320855043
1.11880000,1.0084353789918
1.11940000,1.0087379549896
1.12000000,1.0090406217739
1.12060000,1.0094443187566
1.12120000,1.0097471974818
1.12180000,1.0099491671175
1.12240000,1.0998788088918
1.12300000,1.103073086902
1.12360000,1.1061660196304
1.12410000,1.1089348943308
1.12470000,1.1117106998778
1.12530000,1.1143820098472
1.12590000,1.1176184081852
1.12650000,1.1203039136824
1.12710000,1.1235575104672
1.12770000,1.1268205563773
1.12830000,1.1299800751973
1.12890000,1.1351899570848
1.12950000,1.1383729430654
1.13000000,1.1421357790421
1.13060000,1.146369508995
1.13120000,1.1501587772285
1.13180000,1.153845180415
1.13240000,1.1581223154028
1.13300000,1.1639274276665
1.13360000,1.1685924612242
1.13420000,1.1733935257721
1.13480000,1.1788035695516
1.13540000,1.184120138924
1.13590000,1.1889849976391
1.13650000,1.19386984322
1.13710000,1.1987747577811
1.13770000,1.2041814000124
1.13830000,1.2096124269582
1.13890000,6.9880391869145
1.13950000,7.340448908849
1.14010000,7.7106307995982
1.14070000,8.0663412276423
1.14130000,8.4376176516442
1.14180000,8.8631302183129
1.14240000,9.2720082888245
1.14300000,9.6997489138092
1.14360000,10.147222269456
1.14420000,10.657885066084
1.14480000,11.241361870705
1.14540000,11.808268424182
1.14600000,12.403764310881
1.14660000,13.136570735999
1.14720000,13.854360214219
1.14770000,14.434194360169
1.14830000,15.038295785995
1.14890000,15.603574146992
1.14950000,16.057884900482
1.15010000,16.525423281105
1.15070000,17.076444512922
1.15130000,17.499984583741
1.15190000,17.146601659297
1.15250000,16.661488858457
1.15310000,16.190100901421
1.15360000,15.667680128455
1.15420000,14.976764997583
1.15480000,14.31631792032
1.15540000,13.517700840803
1.15600000,12.557272753474
1.15660000,11.711836534192
1.15720000,10.96819805908
1.15780000,10.272803846806
1.15840000,9.5419703521559
1.15900000,8.8995436487312
1.15950000,8.2664073908427
1.16010000,7.7106307995982
1.16070000,7.1620768373831
1.16130000,1.2096124269582
1.16190000,1.2011747064453
1.16250000,1.1908888963481
1.16310000,1.1830549102238
1.16370000,1.1763306794989
1.16430000,1.1701126193125
1.16490000,1.1643930917642
1.16540000,1.1596288534504
1.16600000,1.1548841085249
1.16660000,1.1510792723993
1.16720000,1.1472869715383
1.16780000,1.1416790160892
1.16840000,1.1388283833246
1.16900000,1.1370077148345
1.16960000,1.1356441238949
1.17020000,1.1341687457374
1.17080000,1.1332617735781
1.17130000,1.1328085595175
1.17190000,1.1323555267063
1.17250000,1.131902675072
1.17310000,1.1314500045421
1.17370000,1.1314500045421
1.17430000,1.1309975150442
1.17490000,1.1305452065059
1.17550000,1.1305452065059
1.17610000,1.1309975150442
1.17670000,1.1314500045421
1.17720000,1.131902675072
1.17780000,1.1323555267063
1.17840000,1.1332617735781
1.17900000,1.1341687457374
1.17960000,1.1351899570848
1.18020000,1.1360984724081
1.18080000,1.1370077148345
1.18140000,1.1379176849459
1.18200000,1.1388283833246
1.18260000,1.1392840057964
1.18310000,1.1403098229501
1.18370000,1.1412224358049
1.18430000,1.1416790160892
1.18490000,1.1421357790421
1.18550000,1.1425927247368
1.18610000,1.1430498532463
1.18670000,1.1430498532463
1.18730000,1.1430498532463
1.18790000,1.1430498532463
1.18850000,1.1430498532463
1.18900000,1.1425927247368
1.18960000,1.1425927247368
1.19020000,1.1421357790421
1.19080000,1.1421357790421
1.19140000,1.1416790160892
1.19200000,1.1416790160892
1.19260000,1.1416790160892
1.19320000,1.1412224358049
1.19380000,1.1416790160892
1.19440000,1.1421357790421
1.19490000,1.1425927247368
1.19550000,1.1435071646438
1.19610000,1.1444223363954
1.19670000,1.1454527801283
1.19730000,1.1468281485204
1.19790000,1.1477459781221
1.19850000,1.1491241000036
1.19910000,1.1510792723993
1.19970000,1.1529224734027
1.20030000,1.1544222472599
1.20080000,1.1558083854732
1.20140000,1.1576591591141
1.20200000,1.1605569277133
1.20260000,1.1628803642308
1.20320000,1.1648589421647
1.20380000,1.1667242082872
1.20440000,1.1685924612242
1.20500000,1.1710490839438
1.20560000,1.1733935257721
1.20620000,1.1772721205687
1.20670000,1.1806911649365
1.20730000,1.1836465855854
1.20790000,1.1864907490217
1.20850000,1.1899365662139
1.20910000,1.1933923907795
1.20970000,1.1972173631218
1.21030000,1.2006943326439
1.21090000,1.2036998237741
1.21150000,1.206109632427
1.21210000,1.2086451239894
1.21260000,1.21106483314
1.21320000,6.9026127544859
1.21380000,6.93097156261
1.21440000,1.21106483314
1.21500000,1.2086451239894
1.21560000,1.2051451305732
1.21620000,1.2011747064453
1.21680000,1.1972173631218
1.21740000,1.1927958437333
1.21800000,1.1879153925357
1.21850000,1.1830549102238
1.21910000,1.1772721205687
1.21970000,1.1705807579817
1.22030000,1.1633456094193
1.22090000,1.1585856569911
1.22150000,1.1533837346382
1.22210000,1.1486645422813
1.22270000,1.1439646590024
1.22330000,1.1392840057964
1.22390000,1.1346225039813
1.22440000,1.1299800751973
1.22500000,1.1268205563773
1.22560000,1.124007023368
1.22620000,1.121312641064
1.22680000,1.1194080289531
1.22740000,1.1176184081852
1.22800000,1.116166448233
1.22860000,1.1143820098472
1.22920000,1.1130455534696
1.22980000,1.1121554731065
1.23030000,1.1111549834685
1.23090000,1.1098223972001
1.23150000,1.1089348943308
1.23210000,1.1076049705714
1.23270000,1.1057236417041
1.23330000,1.1039558984491
1.23390000,1.1026319459013
1.23450000,1.1003188484174
1.23510000,1.0985597459172
1.23570000,1.0099491671175
1.23620000,1.0096462278106
1.23680000,1.0094443187566
1.23740000,1.0092424500804
1.23800000,1.0089397227567
1.23860000,1.0087379549896
1.23920000,1.008536227572
1.23980000,1.0083345404959
1.24040000,1.0080320855043
1.24100000,1.0079312873357
1.24160000,1.0077297212355
1.24210000,1.0076289533019
1.24270000,1.0074274476625
1.24330000,1.0073267099547
1.24390000,1.0072259823201
1.24450000,1.0071252647579
1.24510000,1.0070245572668
1.24570000,1.0070245572668
1.24630000,1.0070245572668
1.24690000,1.0069238598461
1.24750000,1.0069238598461
1.24800000,1.0068231724945
1.24860000,1.0068231724945
1.24920000,1.0067224952112
1.24980000,1.0067224952112
1.25040000,1.0067224952112
1.25100000,1.0066218279952
1.25160000,1.0066218279952
1.25220000,1.0065211708453
1.25280000,1.0065211708453
1.25340000,1.0065211708453
1.25390000,1.0065211708453
1.25450000,1.0065211708453
1.25510000,1.0065211708453
1.25570000,1.0065211708453
1.25630000,1.0065211708453
1.25690000,1.0065211708453
1.25750000,1.0065211708453
1.25810000,1.0065211708453
1.25870000,1.0065211708453
1.25930000,1.0065211708453
1.25980000,1.0065211708453
1.26040000,1.0064205237607
1.26100000,1.0064205237607
1.26160000,1.0064205237607
1.26220000,1.0064205237607
1.26280000,1.0064205237607
1.26340000,1.0064205237607
1.26400000,1.0065211708453
1.26460000,1.0066218279952
1.26520000,1.0067224952112
1.26570000,1.0068231724945
1.26630000,1.0069238598461
1.26690000,1.0070245572668
1.26750000,1.0071252647579
1.26810000,1.0073267099547
1.26870000,1.0075281954445
1.26930000,1.0077297212355
1.26990000,1.0078304992465
1.27050000,1.0080320855043
1.27110000,1.0082337120834
1.27160000,1.0083345404959
1.27220000,1.008536227572
1.27280000,1.0086370862376
1.27340000,1.008838833829
1.27400000,1.0089397227567
1.27460000,1.0090406217739
1.27520000,1.0089397227567
1.27580000,1.008838833829
1.27640000,1.0087379549896
1.27700000,1.0086370862376
1.27750000,1.0084353789918
1.27810000,1.0083345404959
1.27870000,1.0082337120834
1.27930000,1.0080320855043
1.27990000,1.0078304992465
1.28050000,1.0077297212355
1.28110000,1.0075281954445
1.28170000,1.0074274476625
1.28230000,1.0073267099547
1.28290000,1.0072259823201
1.28340000,1.0071252647579
1.28400000,1.0070245572668
1.28460000,1.0070245572668
1.28520000,1.0071252647579
1.28580000,1.0071252647579
1.28640000,1.0072259823201
1.28700000,1.0072259823201
1.28760000,1.0073267099547
1.28820000,1.0074274476625
1.28880000,1.0074274476625
1.28930000,1.0075281954445
1.28990000,1.0076289533019
1.29050000,1.0077297212355
1.29110000,1.0078304992465
1.29170000,1.0078304992465
1.29230000,1.0079312873357
1.29290000,1.0080320855043
1.29350000,1.0081328937532
1.29410000,1.0082337120834
1.29470000,1.0083345404959
1.29520000,1.0083345404959
1.29580000,1.0084353789918
1.29640000,1.0084353789918
1.29700000,1.008536227572
1.29760000,1.008536227572
1.29820000,1.0086370862376
1.29880000,1.0086370862376
1.29940000,1.0086370862376
1.30000000,1.008536227572
1.30060000,1.008536227572
1.30110000,1.008536227572
1.30170000,1.0084353789918
1.30230000,1.0084353789918
1.30290000,1.0083345404959
1.30350000,1.0082337120834
1.30410000,1.0081328937532
1.30470000,1.0080320855043
1.30530000,1.0078304992465
1.30590000,1.0077297212355
1.30650000,1.0075281954445
1.30700000,1.0074274476625
1.30760000,1.0072259823201
1.30820000,1.0070245572668
1.30880000,1.0068231724945
1.30940000,1.0066218279952
1.31000000,1.0064205237607
1.31060000,1.0063198867402
1.31120000,1.006219259783
1.31180000,1.0060180360541
1.31240000,1.0059174392804
1.31290000,1.0058168525659
1.31350000,1.0057162759095
1.31410000,1.0056157093104
1.31470000,1.0056157093104
1.31530000,1.0055151527673
1.31590000,1.0055151527673
1.31650000,1.0054146062795
1.31710000,1.0054146062795
1.31770000,1.0054146062795
1.31830000,1.0054146062795
1.31880000,1.0054146062795
1.31940000,1.0055151527673
1.32000000,1.0055151527673
1.32060000,1.0056157093104
1.32120000,1.0056157093104
1.32180000,1.0057162759095
1.32240000,1.0057162759095
1.32300000,1.0058168525659
1.32360000,1.0059174392804
1.32420000,1.0060180360541
1.32470000,1.0061186428879
1.32530000,1.006219259783
1.32590000,1.0063198867402
1.32650000,1.0063198867402
1.32710000,1.0065211708453
1.32770000,1.0066218279952
1.32830000,1.0067224952112
1.32890000,1.0069238598461
1.32950000,1.0071252647579
1.33010000,1.0072259823201
1.33060000,1.0074274476625
1.33120000,1.0076289533019
1.33180000,1.0078304992465
1.33240000,1.0081328937532
1.33300000,1.0083345404959
1.33360000,1.0086370862376
1.33420000,1.0089397227567
1.33480000,1.0091415308814
1.33540000,1.0094443187566
1.33600000,1.0097471974818
1.33650000,1.0975714869291
1.33710000,1.1003188484174
1.33770000,1.1026319459013
1.33830000,1.1048394165279
1.33890000,1.1066085745434
1.33950000,1.1093785570151
1.34010000,1.1107106103557
1.34070000,1.11260042428
1.34130000,1.113936346182
1.34190000,1.1148278518136
1.34240000,1.116166448233
1.34300000,1.1171714502195
1.34360000,1.1180655449699
1.34420000,1.1189603552823
1.34480000,1.1198558817293
1.34540000,1.121312641064
1.34600000,1.1226590239014
1.34660000,1.124007023368
1.34720000,1.1253566414049
1.34780000,1.1272713747575
1.34830000,1.1290764526343
1.34890000,1.1314500045421
1.34950000,1.1337151689605
1.35010000,1.1356441238949
1.35070000,1.1379176849459
1.35130000,1.1403098229501
1.35190000,1.1425927247368
1.35250000,1.1449946906402
1.35310000,1.1472869715383
1.35370000,1.1496988057181
1.35420000,1.1520005042608
1.35480000,1.1544222472599
1.35540000,1.1562708013044
1.35600000,1.1581223154028
1.35660000,1.1600927977744
1.35720000,1.1614857447328
1.35780000,1.1624153051031
1.35840000,1.1639274276665
1.35900000,1.1648589421647
1.35960000,1.1657912021727
1.36010000,1.1662576119293
1.36070000,1.1662576119293
1.36130000,1.1662576119293
1.36190000,1.1662576119293
1.36250000,1.1657912021727
1.36310000,1.1653249789427
1.36370000,1.1653249789427
1.36430000,1.1648589421647
1.36490000,1.1648589421647
1.36550000,1.1648589421647
1.36600000,1.1653249789427
1.36660000,1.1657912021727
1.36720000,1.1662576119293
1.36780000,1.1667242082872
1.36840000,1.1671909913209
1.36900000,1.1681251177147
1.36960000,1.1691769035532
1.37020000,1.1696446678613
1.37080000,1.1705807579817
1.37140000,1.1715175972738
1.37190000,1.1729242622207
1.37250000,1.1739803692336
1.37310000,1.1753899912807
1.37370000,1.1763306794989
1.37430000,1.1777431236113
1.37490000,1.1788035695516
1.37550000,1.1802189829132
1.37610000,1.1816360957904
1.37670000,1.1825817828914
1.37730000,1.184120138924
1.37780000,1.1850678140546
1.37840000,1.1864907490217
1.37900000,1.1879153925357
1.37960000,1.1894606867696
1.38020000,1.1908888963481
1.38080000,1.1923188208068
1.38140000,1.1943474866796
1.38200000,1.1962599722387
1.38260000,1.198175520224
1.38320000,1.2006943326439
1.38370000,1.2026169812849
1.38430000,1.2046631689198
1.38490000,1.2075578327323
1.38550000,1.2100963687109
1.38610000,1.2125189832553
1.38670000,7.016748962403
1.38730000,7.1915016320262
1.38790000,7.3706065302533
1.38850000,7.4924811173603
1.38900000,7.6476621513333
1.38960000,7.8060572278815
1.39020000,7.9677329148671
1.39080000,8.1327571588769
1.39140000,8.3344706092626
1.39200000,8.5070905660573
1.39260000,8.7189603073165
1.39320000,8.9361066806878
1.39380000,9.1586611010975
1.39440000,9.3483513355092
1.39490000,9.6205361887435
1.39550000,9.9006459253794
1.39610000,10.230771576069
1.39670000,10.57084774924
1.39730000,10.96819805908
1.39790000,11.380484471727
1.39850000,11.808268424182
1.39910000,12.302469320581
1.39970000,12.764909998215
1.40030000,13.299148358739
1.40080000,13.854360214219
1.40140000,14.672866913187
1.40200000,15.603574146992
1.40260000,16.457807752204
1.40320000,17.28605314882
1.40380000,18.157795996932
1.40440000,6120102740651.3
1.40500000,9605913362232.3
1.40560000,16365556028622
1.40620000,30261578878211
1.40670000,49485459753553
1.40730000,74558114676870
1.40790000,99333103499526
1.40850000,1.2702436063291E+14
1.40910000,1.6243515631501E+14
1.40970000,1.9937328748224E+14
1.41030000,2.077174793529E+14
1.41090000,1.6243515631501E+14
1.41150000,1.3232736418289E+14
1.41210000,1.0348005450848E+14
1.41260000,80921446196706
1.41320000,58304477070581
1.41380000,42004589413828
1.41440000,27881932100179
1.41500000,18505701690211
1.41560000,10426794467754
1.41620000,6376241926502.3
1.41680000,18.157795996932
1.41740000,17.357071454772
1.41800000,16.593316602759
1.41850000,15.861582649922
1.41910000,15.162116783721
1.41970000,14.257741181218
1.42030000,13.408649717279
1.42090000,12.764909998215
1.42150000,12.15207576439
1.42210000,11.521328847952
1.42270000,10.96819805908
1.42330000,10.399939616243
1.42390000,9.9006459253794
1.42440000,9.4253229688598
1.42500000,8.9728199288081
1.42560000,8.5420412372941
1.42620000,8.1327571588769
1.42680000,7.7741179135832
1.42740000,7.4312939823032
1.42800000,7.1035879395302
1.42860000,1.2115493559714
1.42920000,1.2075578327323
1.42980000,1.2030981242996
1.43030000,1.1987747577811
1.43090000,1.1948253212348
1.43150000,1.1918419886513
1.43210000,1.1885094987461
1.43270000,1.1850678140546
1.43330000,1.1821088447722
1.43390000,1.179746989725
1.43450000,1.1782143150927
1.43510000,1.1763306794989
1.43570000,1.1749199293029
1.43620000,1.1733935257721
1.43680000,1.1719862980466
1.43740000,1.1705807579817
1.43800000,1.1701126193125
1.43860000,1.1691769035532
1.43920000,1.1691769035532
1.43980000,1.1681251177147
1.44040000,1.1676579611051
1.44100000,1.1667242082872
1.44160000,1.1667242082872
1.44210000,1.1662576119293
1.44270000,1.1657912021727
1.44330000,1.1653249789427
1.44390000,1.1648589421647
1.44450000,1.1639274276665
1.44510000,1.1628803642308
1.44570000,1.1624153051031
1.44630000,1.1619504319619
1.44690000,1.1614857447328
1.44750000,1.1610212433414
1.44800000,1.1600927977744
1.44860000,1.1596288534504
1.44920000,1.1596288534504
1.44980000,1.1585856569911
1.45040000,1.1581223154028
1.45100000,1.1576591591141
1.45160000,1.1576591591141
1.45220000,1.1567334021389
1.45280000,1.1562708013044
1.45340000,1.1553461545714
1.45390000,1.1553461545714
1.45450000,1.1553461545714
1.45510000,1.1553461545714
1.45570000,1.1553461545714
1.45630000,1.1553461545714
1.45690000,1.1548841085249
1.45750000,1.1548841085249
1.45810000,1.153845180415
1.45870000,1.153845180415
1.45930000,1.153845180415
1.45980000,1.153845180415
1.46040000,1.1544222472599
1.46100000,1.1544222472599
1.46160000,1.1544222472599
1.46220000,1.1544222472599
1.46280000,1.1544222472599
1.46340000,1.1548841085249
1.46400000,1.1553461545714
1.46460000,1.1558083854732
1.46520000,1.1558083854732
1.46570000,1.1558083854732
1.46630000,1.1558083854732
1.46690000,1.1558083854732
1.46750000,1.1553461545714
1.46810000,1.1548841085249
1.46870000,1.1548841085249
1.46930000,1.1544222472599
1.46990000,1.1544222472599
1.47050000,1.153845180415
1.47110000,1.1533837346382
1.47160000,1.1533837346382
1.47220000,1.1533837346382
1.47280000,1.1529224734027
1.47340000,1.1524613966348
1.47400000,1.1524613966348
1.47460000,1.1520005042608
1.47520000,1.1510792723993
1.47580000,1.1506189327644
1.47640000,1.1506189327644
1.47700000,1.1506189327644
1.47750000,1.1506189327644
1.47810000,1.1510792723993
1.47870000,1.1515397962069
1.47930000,1.1515397962069
1.47990000,1.1515397962069
1.48050000,1.1520005042608
1.48110000,1.1529224734027
1.48170000,1.1533837346382
1.48230000,1.153845180415
1.48290000,1.1544222472599
1.48340000,1.1553461545714
1.48400000,1.1567334021389
1.48460000,1.1581223154028
1.48520000,1.1596288534504
1.48580000,1.1610212433414
1.48640000,1.1624153051031
1.48700000,1.1643930917642
1.48760000,1.1662576119293
1.48820000,1.1681251177147
1.48880000,1.1705807579817
1.48930000,1.1733935257721
1.48990000,1.1763306794989
1.49050000,1.1792751852963
1.49110000,1.1821088447722
1.49170000,1.1845938817218
1.49230000,1.1879153925357
1.49290000,1.1908888963481
1.49350000,1.19386984322
1.49410000,1.1967385719412
1.49470000,1.1992543635989
1.49520000,1.2016552724347
1.49580000,1.2036998237741
1.49640000,1.2051451305732
1.49700000,1.207074906191
1.49760000,1.2086451239894
1.49820000,1.2091286787435
1.49880000,1.2086451239894
1.49940000,1.2075578327323
1.50000000,1.206109632427
1.50060000,1.2051451305732
1.50110000,1.2036998237741
1.50170000,1.2021360306889
1.50230000,1.2006943326439
1.50290000,1.1997341612975
1.50350000,1.198175520224
1.50410000,1.1967385719412
1.50470000,1.1957815639379
1.50530000,1.1943474866796
1.50590000,1.19386984322
1.50650000,1.1933923907795
1.50700000,1.1927958437333
1.50760000,1.1923188208068
1.50820000,1.1927958437333
1.50880000,1.1927958437333
1.50940000,1.19386984322
1.51000000,1.1948253212348
1.51060000,1.1957815639379
1.51120000,1.1967385719412
1.51180000,1.198175520224
1.51240000,1.1997341612975
1.51290000,1.2021360306889
1.51350000,1.2041814000124
1.51410000,1.2065921727816
1.51470000,1.2086451239894
1.51530000,1.210580504079
1.51590000,1.2125189832553
1.51650000,7.016748962403
1.51710000,7.1327724374204
1.51770000,7.2507143859113
1.51830000,7.3706065302533
1.51880000,7.4618248331061
1.51940000,7.5541720496706
1.52000000,7.6163709273558
1.52060000,7.6790819326917
1.52120000,7.74230928239
1.52180000,7.74230928239
1.52240000,7.74230928239
1.52300000,7.74230928239
1.52360000,7.7741179135832
1.52420000,7.8060572278815
1.52470000,7.8703300556021
1.52530000,7.935132087281
1.52590000,7.9677329148671
1.52650000,8.0333369336452
1.52710000,8.0663412276423
1.52770000,8.1327571588769
1.52830000,8.1653533364059
1.52890000,8.1653533364059
1.52950000,8.0994811170255
1.53010000,8.0004676802311
1.53060000,7.8703300556021
1.53120000,7.74230928239
1.53180000,7.5852077347529
1.53240000,7.400888051727
1.53300000,7.221047315981
1.53360000,7.016748962403
1.53420000,1.2120340726506
1.53480000,1.2086451239894
1.53540000,1.2051451305732
1.53600000,1.2011747064453
1.53650000,1.1976963458572
1.53710000,1.19386984322
1.53770000,1.1899365662139
1.53830000,1.1864907490217
1.53890000,1.1830549102238
1.53950000,1.179746989725
1.54010000,1.1763306794989
1.54070000,1.1729242622207
1.54130000,1.1696446678613
1.54190000,1.1662576119293
1.54240000,1.1633456094193
1.54300000,1.1605569277133
1.54360000,1.1571961880508
1.54420000,1.1544222472599
1.54480000,1.1520005042608
1.54540000,1.1496988057181
1.54600000,1.1472869715383
1.54660000,1.1444223363954
1.54720000,1.1421357790421
1.54780000,1.1397398105536
1.54830000,1.1383729430654
1.54890000,1.1365530026971
1.54950000,1.1341687457374
1.55010000,1.1323555267063
1.55070000,1.1309975150442
1.55130000,1.1299800751973
1.55190000,1.1286249123673
1.55250000,1.1272713747575
1.55310000,1.1263699182884
1.55370000,1.1249065887649
1.55420000,1.1249065887649
1.55480000,1.124007023368
1.55540000,1.1231081773356
1.55600000,1.1226590239014
1.55660000,1.1222100500926
1.55720000,1.1222100500926
1.55780000,1.1217612558374
1.55840000,1.1217612558374
1.55900000,1.121312641064
1.55960000,1.1217612558374
1.56010000,1.1207521248842
1.56070000,1.1203039136824
1.56130000,1.1203039136824
1.56190000,1.1198558817293
1.56250000,1.1198558817293
1.56310000,1.1189603552823
1.56370000,1.118512860645
1.56430000,1.1198558817293
1.56490000,1.1203039136824
1.56550000,1.1203039136824
1.56600000,1.1198558817293
1.56660000,1.1203039136824
1.56720000,1.1203039136824
1.56780000,1.1198558817293
1.56840000,1.1198558817293
1.56900000,1.1198558817293
1.56960000,1.1198558817293
1.57020000,1.1198558817293
1.57080000,1.1203039136824
1.57140000,1.121312641064
1.57190000,1.1226590239014
1.57250000,1.1235575104672
1.57310000,1.1235575104672
1.57370000,1.1244567161099
1.57430000,1.1253566414049
1.57490000,1.1259194604186
1.57550000,1.1259194604186
1.57610000,1.1263699182884
1.57670000,1.1277223735011
1.57730000,1.1286249123673
1.57780000,1.1286249123673
1.57840000,1.1299800751973
1.57900000,1.1314500045421
1.57960000,1.1323555267063
1.58020000,1.1328085595175
1.58080000,1.1332617735781
1.58140000,1.1341687457374
1.58200000,1.1360984724081
1.58260000,1.1379176849459
1.58320000,1.1392840057964
1.58370000,1.1403098229501
1.58430000,1.1412224358049
1.58490000,1.1425927247368
1.58550000,1.1449946906402
1.58610000,1.1468281485204
1.58670000,1.1491241000036
1.58730000,1.1515397962069
1.58790000,1.1533837346382
1.58850000,1.1548841085249
1.58910000,1.1567334021389
1.58960000,1.1585856569911
1.59020000,1.1605569277133
1.59080000,1.1619504319619
1.59140000,1.1639274276665
1.59200000,1.1648589421647
1.59260000,1.1657912021727
1.59320000,1.1648589421647
1.59380000,1.1628803642308
1.59440000,1.1619504319619
1.59500000,1.1605569277133
1.59550000,1.1585856569911
1.59610000,1.1567334021389
1.59670000,1.1553461545714
1.59730000,1.1529224734027
1.59790000,1.1506189327644
1.59850000,1.1486645422813
1.59910000,1.1468281485204
1.59970000,1.1449946906402
1.60030000,1.1435071646438
1.60090000,1.1425927247368
1.60140000,1.1412224358049
1.60200000,1.1397398105536
1.60260000,1.1388283833246
1.60320000,1.1388283833246
1.60380000,1.1388283833246
1.60440000,1.1388283833246
1.60500000,1.1388283833246
1.60560000,1.1388283833246
1.60620000,1.1392840057964
1.60680000,1.1397398105536
1.60730000,1.1407660381162
1.60790000,1.1421357790421
1.60850000,1.1430498532463
1.60910000,1.1444223363954
1.60970000,1.1459110528887
1.61030000,1.1472869715383
1.61090000,1.1486645422813
1.61150000,1.1501587772285
1.61210000,1.1520005042608
1.61270000,1.153845180415
1.61320000,1.1553461545714
1.61380000,1.1571961880508
1.61440000,1.1591650946669
1.61500000,1.1605569277133
1.61560000,1.1624153051031
1.61620000,1.1643930917642
1.61680000,1.1662576119293
1.61740000,1.1681251177147
1.61800000,1.1691769035532
1.61860000,1.1705807579817
1.61910000,1.1715175972738
1.61970000,1.1719862980466
1.62030000,1.1729242622207
1.62090000,1.1733935257721
1.62150000,1.1739803692336
1.62210000,1.1733935257721
1.62270000,1.1729242622207
1.62330000,1.1729242622207
1.62390000,1.1719862980466
1.62450000,1.1719862980466
1.62500000,1.1715175972738
1.62560000,1.1705807579817
1.62620000,1.1701126193125
1.62680000,1.1696446678613
1.62740000,1.1691769035532
1.62800000,1.1691769035532
1.62860000,1.1691769035532
1.62920000,1.1691769035532
1.62980000,1.1696446678613
1.63040000,1.1701126193125
1.63090000,1.1705807579817
1.63150000,1.1715175972738
1.63210000,1.1719862980466
1.63270000,1.1724551863373
1.63330000,1.1733935257721
1.63390000,1.1744500553122
1.63450000,1.175860241321
1.63510000,1.1772721205687
1.63570000,1.1782143150927
1.63630000,1.179746989725
1.63680000,1.1806911649365
1.63740000,1.1821088447722
1.63800000,1.184120138924
1.63860000,1.1864907490217
1.63920000,1.1879153925357
1.63980000,1.1899365662139
1.64040000,1.1918419886513
1.64100000,1.1933923907795
1.64160000,1.1948253212348
1.64220000,1.1967385719412
1.64270000,1.1992543635989
1.64330000,1.2011747064453
1.64390000,1.2026169812849
1.64450000,1.2051451305732
1.64510000,1.207074906191
1.64570000,1.2096124269582
1.64630000,1.2115493559714
1.64690000,6.93097156261
1.64750000,7.0455766896068
1.64810000,7.221047315981
1.64860000,7.400888051727
1.64920000,7.5852077347529
1.64980000,7.8060572278815
1.65040000,8.0333369336452
1.65100000,8.3003692353515
1.65160000,8.5070905660573
1.65220000,8.7907497161532
1.65280000,9.0838671543451
1.65340000,9.3483513355092
1.65400000,9.6205361887435
1.65450000,9.8601363784037
1.65510000,10.147222269456
1.65570000,10.357387155969
1.65630000,10.57084774924
1.65690000,10.745639023136
1.65750000,10.923320508882
1.65810000,11.058507043972
1.65870000,11.195366641686
1.65930000,11.333920007773
1.65990000,11.427240241893
1.66040000,11.521328847952
1.66100000,11.663916307994
1.66160000,11.856781708996
1.66220000,12.003520718921
1.66280000,12.252132457449
1.66340000,12.505893334966
1.66400000,12.764909998215
1.66460000,13.082821058115
1.66520000,13.408649717279
1.66580000,13.741218973516
1.66630000,14.141305741261
1.66690000,14.493496042423
1.66750000,14.915485968943
1.66810000,15.603574146992
1.66870000,16.256616579078
1.66930000,16.867690713139
1.66990000,17.428381533505
1.67050000,18.009510869669
1.67110000,18.533872427868
1.67170000,6642436799700.5
1.67220000,10426794467754
1.67280000,16365556028622
1.67340000,24654979398176
1.67400000,35654625431616
1.67460000,51556530438126
1.67520000,74558114676870
1.67580000,1.0781091267162E+14
1.67640000,1.6243515631501E+14
1.67700000,2.3488097208702E+14
1.67760000,3.3967146942317E+14
1.67810000,5.1172065685579E+14
1.67870000,7.7091558822295E+14
1.67930000,1.2101249334809E+15
1.67990000,1.8993725695621E+15
1.68050000,2.9811931464196E+15
1.68110000,4.4912165207472E+15
1.68170000,7.0492667554029E+15
1.68230000,1.1065405335926E+16
1.68290000,1.8094781921706E+16
1.68340000,2.8400978678652E+16
1.68400000,4.6442900187732E+16
1.68460000,7.2895259181005E+16
1.68520000,1.1441401784959E+17
1.68580000,1.5862242989853E+91
1.68640000,1.3167564062235E+92
1.68700000,7.1575764894453E+92
1.68760000,4.8085056085576E+93
1.68820000,1.7118955383855E+94
1.68880000,6.0945885747301E+94
1.68930000,2.1697591390571E+95
1.68990000,6.2514670585123E+95
1.69050000,1.457658050146E+96
1.69110000,1.457658050146E+96
1.69170000,1.1795477149318E+96
1.69230000,9.5459422180646E+95
1.69290000,5.059239449431E+95
1.69350000,1.7559607895772E+95
1.69410000,6.0945885747301E+94
1.69470000,2.1153097561008E+94
1.69520000,5.9416469042498E+93
1.69580000,1.3506505314768E+93
1.69640000,3.0699812207099E+92
1.69700000,5.6471813102991E+91
1.69760000,8.4068061232193E+90
1.69820000,1.011822761937E+17
1.69880000,6.4465075051906E+16
1.69940000,4.106776901995E+16
1.70000000,2.5113953426696E+16
1.70060000,1.6000558135327E+16
1.70110000,1.0620898376102E+16
1.70170000,6.4949412527747E+15
1.70230000,4.1380456248711E+15
1.70290000,2.6361607704542E+15
1.70350000,1.6795461449285E+15
1.70410000,1.0270838827702E+15
1.70470000,6.5437388916447E+14
1.70530000,4.1691354913027E+14
1.70590000,2.6562323211021E+14
1.70650000,1.7629855340584E+14
1.70700000,1.1232302636771E+14
1.70760000,71563050340848
1.70820000,47497585780320
1.70880000,30261578878211
1.70940000,20087121414612
1.71000000,12797871705226
1.71060000,8849658618291.2
1.71120000,6120102740651.3
1.71180000,17.862436708702
1.71240000,16.798674760598
1.71290000,16.12385737974
1.71350000,15.476148000199
1.71410000,14.854457669974
1.71470000,14.375135317063
1.71530000,13.911279696301
1.71590000,13.244733477202
1.71650000,12.505893334966
1.71710000,12.052836181484
1.71770000,11.663916307994
1.71830000,11.333920007773
1.71880000,10.96819805908
1.71940000,10.657885066084
1.72000000,10.357387155969
1.72060000,10.105703829115
1.72120000,9.8601363784037
1.72180000,9.6205361887435
1.72240000,9.3867582563708
1.72300000,9.234070879673
1.72360000,9.0466995446778
1.72420000,8.8631302183129
1.72470000,8.7547814276938
1.72530000,8.6123739454462
1.72590000,8.5070905660573
1.72650000,8.4030942406265
1.72710000,8.3344706092626
1.72770000,8.2664073908427
1.72830000,8.1989000087702
1.72890000,8.1653533364059
1.72950000,8.1327571588769
1.73010000,8.0994811170255
1.73060000,8.0663412276423
1.73120000,8.0333369336452
1.73180000,8.0333369336452
1.73240000,8.0333369336452
1.73300000,8.0004676802311
1.73360000,8.0004676802311
1.73420000,8.0004676802311
1.73480000,7.9677329148671
1.73540000,7.935132087281
1.73600000,7.8703300556021
1.73650000,7.8703300556021
1.73710000,7.8381277621857
1.73770000,7.8060572278815
1.73830000,7.7741179135832
1.73890000,7.7106307995982
1.73950000,7.6790819326917
1.74010000,7.6476621513333
1.74070000,7.5852077347529
1.74130000,7.5541720496706
1.74190000,7.4924811173603
1.74240000,7.4312939823032
1.74300000,7.400888051727
1.74360000,7.3706065302533
1.74420000,7.3104146805636
1.74480000,7.2507143859113
1.74540000,7.221047315981
1.74600000,7.1620768373831
1.74660000,7.1327724374204
1.74720000,7.1035879395302
1.74780000,7.0745228531206
1.74830000,7.0455766896068
