0.5000,0.1648
0.5005,0.1648
0.5010,0.1648
0.5015,0.1648
0.5020,0.1648
0.5025,0.1648
0.5030,0.1648
0.5035,0.1648
0.5040,0.1648
0.5045,0.1648
0.5050,0.1648
0.5055,0.1648
0.5060,0.1648
0.5065,0.1648
0.5070,0.1648
0.5075,0.1648
0.5080,0.1648
0.5085,0.1648
0.5090,0.1648
0.5095,0.1648
0.5100,0.1648
0.5105,0.1648
0.5110,0.1648
0.5115,0.1648
0.5120,0.1648
0.5125,0.1648
0.5130,0.1648
0.5135,0.1648
0.5140,0.1648
0.5145,0.1648
0.5150,0.1648
0.5155,0.1648
0.5160,0.1648
0.5165,0.1648
0.5170,0.1648
0.5175,0.1648
0.5180,0.1648
0.5185,0.1648
0.5190,0.1648
0.5195,0.1648
0.5200,0.1648
0.5205,0.1648
0.5210,0.1648
0.5215,0.1648
0.5220,0.1648
0.5225,0.1648
0.5230,0.1648
0.5235,0.1648
0.5240,0.1648
0.5245,0.1648
0.5250,0.1648
0.5255,0.1648
0.5260,0.1648
0.5265,0.1648
0.5270,0.1648
0.5275,0.1648
0.5280,0.1648
0.5285,0.1648
0.5290,0.1648
0.5295,0.1648
0.5300,0.1648
0.5305,0.1648
0.5310,0.1648
0.5315,0.1648
0.5320,0.1648
0.5325,0.1648
0.5330,0.1648
0.5335,0.1648
0.5340,0.1648
0.5345,0.1648
0.5350,0.1648
0.5355,0.1648
0.5360,0.1648
0.5365,0.1648
0.5370,0.1648
0.5375,0.1648
0.5380,0.1648
0.5385,0.1648
0.5390,0.1648
0.5395,0.1648
0.5400,0.1648
0.5405,0.1648
0.5410,0.1648
0.5415,0.1648
0.5420,0.1648
0.5425,0.1648
0.5430,0.1648
0.5435,0.1648
0.5440,0.1648
0.5445,0.1648
0.5450,0.1648
0.5455,0.1648
0.5460,0.1648
0.5465,0.1648
0.5470,0.1648
0.5475,0.1648
0.5480,0.1648
0.5485,0.1648
0.5490,0.1648
0.5495,0.1648
0.5500,0.1648
0.5505,0.1648
0.5510,0.1648
0.5515,0.1648
0.5520,0.1648
0.5525,0.1648
0.5530,0.1648
0.5535,0.1648
0.5540,0.1648
0.5545,0.1648
0.5550,0.1648
0.5555,0.1648
0.5560,0.1648
0.5565,0.1648
0.5570,0.1648
0.5575,0.1648
0.5580,0.1648
0.5585,0.1648
0.5590,0.1648
0.5595,0.1648
0.5600,0.1648
0.5605,0.1648
0.5610,0.1648
0.5615,0.1648
0.5620,0.1648
0.5625,0.1648
0.5630,0.1648
0.5635,0.1648
0.5640,0.1648
0.5645,0.1648
0.5650,0.1648
0.5655,0.1648
0.5660,0.1648
0.5665,0.1648
0.5670,0.1648
0.5675,0.1648
0.5680,0.1648
0.5685,0.1648
0.5690,0.1648
0.5695,0.1648
0.5700,0.1648
0.5705,0.1648
0.5710,0.1648
0.5715,0.1648
0.5720,0.1648
0.5725,0.1648
0.5730,0.1648
0.5735,0.1648
0.5740,0.1648
0.5745,0.1648
0.5750,0.1648
0.5755,0.1648
0.5760,0.1648
0.5765,0.1648
0.5770,0.1648
0.5775,0.1648
0.5780,0.1648
0.5785,0.1648
0.5790,0.1648
0.5795,0.1648
0.5800,0.1648
0.5805,0.1648
0.5810,0.1648
0.5815,0.1648
0.5820,0.1648
0.5825,0.1648
0.5830,0.1648
0.5835,0.1648
0.5840,0.1648
0.5845,0.1648
0.5850,0.1648
0.5855,0.1648
0.5860,0.1648
0.5865,0.1648
0.5870,0.1648
0.5875,0.1648
0.5880,0.1648
0.5885,0.1648
0.5890,0.1648
0.5895,0.1648
0.5900,0.1648
0.5905,0.1648
0.5910,0.1648
0.5915,0.1648
0.5920,0.1648
0.5925,0.1648
0.5930,0.1648
0.5935,0.1648
0.5940,0.1648
0.5945,0.1648
0.5950,0.1648
0.5955,0.1648
0.5960,0.1648
0.5965,0.1648
0.5970,0.1648
0.5975,0.1648
0.5980,0.1648
0.5985,0.1648
0.5990,0.1648
0.5995,0.1648
0.6000,0.1648
0.6005,0.1648
0.6010,0.1648
0.6015,0.1648
0.6020,0.1648
0.6025,0.1648
0.6030,0.1648
0.6035,0.1648
0.6040,0.1648
0.6045,0.1648
0.6050,0.1648
0.6055,0.1648
0.6060,0.1648
0.6065,0.1648
0.6070,0.1648
0.6075,0.1648
0.6080,0.1648
0.6085,0.1648
0.6090,0.1648
0.6095,0.1648
0.6100,0.1648
0.6105,0.1648
0.6110,0.1648
0.6115,0.1648
0.6120,0.1648
0.6125,0.1648
0.6130,0.1648
0.6135,0.1648
0.6140,0.1648
0.6145,0.1648
0.6150,0.1648
0.6155,0.1648
0.6160,0.1648
0.6165,0.1648
0.6170,0.1648
0.6175,0.1648
0.6180,0.1648
0.6185,0.1648
0.6190,0.1648
0.6195,0.1648
0.6200,0.1648
0.6205,0.1648
0.6210,0.1648
0.6215,0.1648
0.6220,0.1648
0.6225,0.1648
0.6230,0.1648
0.6235,0.1648
0.6240,0.1648
0.6245,0.1648
0.6250,0.1648
0.6255,0.1648
0.6260,0.1648
0.6265,0.1648
0.6270,0.1648
0.6275,0.1648
0.6280,0.1648
0.6285,0.1648
0.6290,0.1648
0.6295,0.1648
0.6300,0.1648
0.6305,0.1648
0.6310,0.1648
0.6315,0.1648
0.6320,0.1648
0.6325,0.1648
0.6330,0.1648
0.6335,0.1648
0.6340,0.1648
0.6345,0.1648
0.6350,0.1648
0.6355,0.1648
0.6360,0.1648
0.6365,0.1648
0.6370,0.1648
0.6375,0.1648
0.6380,0.1648
0.6385,0.1648
0.6390,0.1648
0.6395,0.1648
0.6400,0.1648
0.6405,0.1648
0.6410,0.1648
0.6415,0.1648
0.6420,0.1648
0.6425,0.1648
0.6430,0.1648
0.6435,0.1648
0.6440,0.1648
0.6445,0.1648
0.6450,0.1648
0.6455,0.1648
0.6460,0.1648
0.6465,0.1648
0.6470,0.1648
0.6475,0.1648
0.6480,0.1648
0.6485,0.1648
0.6490,0.1648
0.6495,0.1648
0.6500,0.1648
0.6505,0.1648
0.6510,0.1648
0.6515,0.1648
0.6520,0.1648
0.6525,0.1648
0.6530,0.1648
0.6535,0.1648
0.6540,0.1648
0.6545,0.1648
0.6550,0.1648
0.6555,0.1648
0.6560,0.1648
0.6565,0.1648
0.6570,0.1648
0.6575,0.1648
0.6580,0.1648
0.6585,0.1648
0.6590,0.1648
0.6595,0.1648
0.6600,0.1648
0.6605,0.1648
0.6610,0.1648
0.6615,0.1648
0.6620,0.1648
0.6625,0.1648
0.6630,0.1648
0.6635,0.1648
0.6640,0.1648
0.6645,0.1648
0.6650,0.1648
0.6655,0.1648
0.6660,0.1648
0.6665,0.1648
0.6670,0.1648
0.6675,0.1648
0.6680,0.1648
0.6685,0.1648
0.6690,0.1648
0.6695,0.1648
0.6700,0.1648
0.6705,0.1648
0.6710,0.1648
0.6715,0.1648
0.6720,0.1648
0.6725,0.1648
0.6730,0.1648
0.6735,0.1648
0.6740,0.1648
0.6745,0.1648
0.6750,0.1648
0.6755,0.1648
0.6760,0.1648
0.6765,0.1648
0.6770,0.1648
0.6775,0.1648
0.6780,0.1648
0.6785,0.1648
0.6790,0.1648
0.6795,0.1648
0.6800,0.1648
0.6805,0.1648
0.6810,0.1648
0.6815,0.1648
0.6820,0.1648
0.6825,0.1648
0.6830,0.1648
0.6835,0.1648
0.6840,0.1648
0.6845,0.1648
0.6850,0.1648
0.6855,0.1648
0.6860,0.1648
0.6865,0.1648
0.6870,0.1648
0.6875,0.1648
0.6880,0.1648
0.6885,0.1648
0.6890,0.1648
0.6895,0.1648
0.6900,0.1648
0.6905,0.1648
0.6910,0.1648
0.6915,0.1648
0.6920,0.1648
0.6925,0.1648
0.6930,0.1648
0.6935,0.1648
0.6940,0.1648
0.6945,0.1648
0.6950,0.1648
0.6955,0.1648
0.6960,0.1648
0.6965,0.1648
0.6970,0.1648
0.6975,0.1648
0.6980,0.1648
0.6985,0.1648
0.6990,0.1648
0.6995,0.1648
0.7000,0.1648
0.7005,0.1648
0.7010,0.1648
0.7015,0.1648
0.7020,0.1648
0.7025,0.1648
0.7030,0.1648
0.7035,0.1648
0.7040,0.1648
0.7045,0.1648
0.7050,0.1648
0.7055,0.1648
0.7060,0.1648
0.7065,0.1648
0.7070,0.1648
0.7075,0.1648
0.7080,0.1648
0.7085,0.1648
0.7090,0.1648
0.7095,0.1648
0.7100,0.1648
0.7105,0.1648
0.7110,0.1648
0.7115,0.1648
0.7120,0.1648
0.7125,0.1648
0.7130,0.1648
0.7135,0.1648
0.7140,0.1648
0.7145,0.1648
0.7150,0.1648
0.7155,0.1648
0.7160,0.1648
0.7165,0.1648
0.7170,0.1648
0.7175,0.1648
0.7180,0.1648
0.7185,0.1648
0.7190,0.1648
0.7195,0.1648
0.7200,0.1648
0.7205,0.1648
0.7210,0.1648
0.7215,0.1648
0.7220,0.1648
0.7225,0.1648
0.7230,0.1648
0.7235,0.1648
0.7240,0.1648
0.7245,0.1648
0.7250,0.1648
0.7255,0.1648
0.7260,0.1648
0.7265,0.1648
0.7270,0.1648
0.7275,0.1648
0.7280,0.1648
0.7285,0.1648
0.7290,0.1648
0.7295,0.1648
0.7300,0.1648
0.7305,0.1648
0.7310,0.1648
0.7315,0.1648
0.7320,0.1648
0.7325,0.1648
0.7330,0.1648
0.7335,0.1648
0.7340,0.1648
0.7345,0.1648
0.7350,0.1648
0.7355,0.1648
0.7360,0.1648
0.7365,0.1648
0.7370,0.1648
0.7375,0.1648
0.7380,0.1648
0.7385,0.1648
0.7390,0.1648
0.7395,0.1648
0.7400,0.1648
0.7405,0.1648
0.7410,0.1648
0.7415,0.1648
0.7420,0.1648
0.7425,0.1648
0.7430,0.1648
0.7435,0.1648
0.7440,0.1648
0.7445,0.1648
0.7450,0.1648
0.7455,0.1648
0.7460,0.1648
0.7465,0.1648
0.7470,0.1648
0.7475,0.1648
0.7480,0.1648
0.7485,0.1648
0.7490,0.1648
0.7495,0.1648
0.7500,0.1648
0.7505,0.1648
0.7510,0.1648
0.7515,0.1648
0.7520,0.1648
0.7525,0.1648
0.7530,0.1648
0.7535,0.1648
0.7540,0.1648
0.7545,0.1648
0.7550,0.1648
0.7555,0.1648
0.7560,0.1648
0.7565,0.1648
0.7570,0.1648
0.7575,0.1648
0.7580,0.1648
0.7585,0.1648
0.7590,0.1648
0.7595,0.1648
0.7600,0.1648
0.7605,0.1648
0.7610,0.1648
0.7615,0.1648
0.7620,0.1648
0.7625,0.1648
0.7630,0.1648
0.7635,0.1648
0.7640,0.1648
0.7645,0.1648
0.7650,0.1648
0.7655,0.1648
0.7660,0.1648
0.7665,0.1648
0.7670,0.1648
0.7675,0.1648
0.7680,0.1648
0.7685,0.1648
0.7690,0.1648
0.7695,0.1648
0.7700,0.1648
0.7705,0.1648
0.7710,0.1648
0.7715,0.1648
0.7720,0.1648
0.7725,0.1648
0.7730,0.1648
0.7735,0.1648
0.7740,0.1648
0.7745,0.1648
0.7750,0.1648
0.7755,0.1648
0.7760,0.1648
0.7765,0.1648
0.7770,0.1648
0.7775,0.1648
0.7780,0.1648
0.7785,0.1648
0.7790,0.1648
0.7795,0.1648
0.7800,0.1648
0.7805,0.1648
0.7810,0.1648
0.7815,0.1648
0.7820,0.1648
0.7825,0.1648
0.7830,0.1648
0.7835,0.1648
0.7840,0.1648
0.7845,0.1648
0.7850,0.1648
0.7855,0.1648
0.7860,0.1648
0.7865,0.1648
0.7870,0.1648
0.7875,0.1648
0.7880,0.1648
0.7885,0.1648
0.7890,0.1648
0.7895,0.1648
0.7900,0.1648
0.7905,0.1648
0.7910,0.1648
0.7915,0.1648
0.7920,0.1648
0.7925,0.1648
0.7930,0.1648
0.7935,0.1648
0.7940,0.1648
0.7945,0.1648
0.7950,0.1648
0.7955,0.1648
0.7960,0.1648
0.7965,0.1648
0.7970,0.1648
0.7975,0.1648
0.7980,0.1648
0.7985,0.1648
0.7990,0.1648
0.7995,0.1648
0.8000,0.1648
0.8005,0.1648
0.8010,0.1648
0.8015,0.1648
0.8020,0.1648
0.8025,0.1648
0.8030,0.1648
0.8035,0.1648
0.8040,0.1648
0.8045,0.1648
0.8050,0.1648
0.8055,0.1648
0.8060,0.1648
0.8065,0.1648
0.8070,0.1648
0.8075,0.1648
0.8080,0.1648
0.8085,0.1648
0.8090,0.1648
0.8095,0.1648
0.8100,0.1648
0.8105,0.1648
0.8110,0.1648
0.8115,0.1648
0.8120,0.1648
0.8125,0.1854
0.8130,0.1854
0.8135,0.1854
0.8140,0.1854
0.8145,0.1854
0.8150,0.1854
0.8155,0.1854
0.8160,0.1854
0.8165,0.1854
0.8170,0.1854
0.8175,0.1854
0.8180,0.1854
0.8185,0.1854
0.8190,0.1854
0.8195,0.1854
0.8200,0.1854
0.8205,0.1854
0.8210,0.2060
0.8215,0.2060
0.8220,0.2060
0.8225,0.2060
0.8230,0.2060
0.8235,0.2060
0.8240,0.2060
0.8245,0.2060
0.8250,0.2060
0.8255,0.2060
0.8260,0.1854
0.8265,0.1854
0.8270,0.1854
0.8275,0.1854
0.8280,0.1854
0.8285,0.1854
0.8290,0.1854
0.8295,0.1854
0.8300,0.1854
0.8305,0.1854
0.8310,0.1648
0.8315,0.1648
0.8320,0.1648
0.8325,0.1648
0.8330,0.1648
0.8335,0.1648
0.8340,0.1648
0.8345,0.1648
0.8350,0.1648
0.8355,0.1648
0.8360,0.1648
0.8365,0.1648
0.8370,0.1648
0.8375,0.1648
0.8380,0.1648
0.8385,0.1648
0.8390,0.1648
0.8395,0.1648
0.8400,0.1648
0.8405,0.1648
0.8410,0.1648
0.8415,0.1648
0.8420,0.1648
0.8425,0.1648
0.8430,0.1648
0.8435,0.1648
0.8440,0.1854
0.8445,0.1854
0.8450,0.1854
0.8455,0.1854
0.8460,0.1854
0.8465,0.1854
0.8470,0.1854
0.8475,0.1854
0.8480,0.1854
0.8485,0.1854
0.8490,0.1854
0.8495,0.1854
0.8500,0.1854
0.8505,0.1854
0.8510,0.1854
0.8515,0.1854
0.8520,0.1648
0.8525,0.1648
0.8530,0.1648
0.8535,0.1648
0.8540,0.1648
0.8545,0.1648
0.8550,0.1648
0.8555,0.1648
0.8560,0.1648
0.8565,0.1648
0.8570,0.1648
0.8575,0.1648
0.8580,0.1648
0.8585,0.1648
0.8590,0.1648
0.8595,0.1648
0.8600,0.1648
0.8605,0.1648
0.8610,0.1648
0.8615,0.1648
0.8620,0.1648
0.8625,0.1648
0.8630,0.1648
0.8635,0.1648
0.8640,0.1648
0.8645,0.1648
0.8650,0.1648
0.8655,0.1648
0.8660,0.1648
0.8665,0.1648
0.8670,0.1648
0.8675,0.1648
0.8680,0.1648
0.8685,0.1648
0.8690,0.1648
0.8695,0.1648
0.8700,0.1648
0.8705,0.1648
0.8710,0.1648
0.8715,0.1648
0.8720,0.1648
0.8725,0.1648
0.8730,0.1648
0.8735,0.1648
0.8740,0.1648
0.8745,0.1648
0.8750,0.1648
0.8755,0.1648
0.8760,0.1648
0.8765,0.1648
0.8770,0.1648
0.8775,0.1648
0.8780,0.1648
0.8785,0.1648
0.8790,0.1648
0.8795,0.1648
0.8800,0.1648
0.8805,0.1648
0.8810,0.1648
0.8815,0.1648
0.8820,0.1648
0.8825,0.1648
0.8830,0.1648
0.8835,0.1648
0.8840,0.1648
0.8845,0.1854
0.8850,0.1854
0.8855,0.1854
0.8860,0.1854
0.8865,0.1854
0.8870,0.1854
0.8875,0.1854
0.8880,0.1854
0.8885,0.1854
0.8890,0.1854
0.8895,0.1854
0.8900,0.1854
0.8905,0.1854
0.8910,0.1854
0.8915,0.1854
0.8920,0.1854
0.8925,0.1854
0.8930,0.1854
0.8935,0.1854
0.8940,0.1854
0.8945,0.1854
0.8950,0.1854
0.8955,0.1854
0.8960,0.1854
0.8965,0.1854
0.8970,0.1854
0.8975,0.1854
0.8980,0.1854
0.8985,0.1854
0.8990,0.1854
0.8995,0.1854
0.9000,0.1854
0.9005,0.1854
0.9010,0.1854
0.9015,0.1854
0.9020,0.1854
0.9025,0.1854
0.9030,0.1648
0.9035,0.1648
0.9040,0.1648
0.9045,0.1648
0.9050,0.1648
0.9055,0.1648
0.9060,0.1648
0.9065,0.1648
0.9070,0.1648
0.9075,0.1648
0.9080,0.1648
0.9085,0.1648
0.9090,0.1648
0.9095,0.1648
0.9100,0.1648
0.9105,0.1648
0.9110,0.1648
0.9115,0.1648
0.9120,0.1648
0.9125,0.1648
0.9130,0.1648
0.9135,0.1648
0.9140,0.1648
0.9145,0.1648
0.9150,0.1648
0.9155,0.1648
0.9160,0.1648
0.9165,0.1648
0.9170,0.1648
0.9175,0.1648
0.9180,0.1648
0.9185,0.1648
0.9190,0.1648
0.9195,0.1648
0.9200,0.1648
0.9205,0.1648
0.9210,0.1648
0.9215,0.1648
0.9220,0.1854
0.9225,0.1648
0.9230,0.1854
0.9235,0.1854
0.9240,0.1854
0.9245,0.1854
0.9250,0.1854
0.9255,0.1854
0.9260,0.1854
0.9265,0.1854
0.9270,0.1854
0.9275,0.1854
0.9280,0.1854
0.9285,0.1854
0.9290,0.1854
0.9295,0.1854
0.9300,0.1854
0.9305,0.1854
0.9310,0.1854
0.9315,0.2060
0.9320,0.2060
0.9325,0.2060
0.9330,0.2060
0.9335,0.2060
0.9340,0.2266
0.9345,0.2266
0.9350,0.2266
0.9355,0.2472
0.9360,0.2472
0.9365,0.2472
0.9370,0.2472
0.9375,0.2266
0.9380,0.2266
0.9385,0.2266
0.9390,0.2266
0.9395,0.2060
0.9400,0.2060
0.9405,0.2060
0.9410,0.2060
0.9415,0.1854
0.9420,0.1854
0.9425,0.1854
0.9430,0.1854
0.9435,0.1854
0.9440,0.1854
0.9445,0.1854
0.9450,0.1854
0.9455,0.1854
0.9460,0.1854
0.9465,0.1854
0.9470,0.1854
0.9475,0.1854
0.9480,0.1648
0.9485,0.1648
0.9490,0.1648
0.9495,0.1648
0.9500,0.1648
0.9505,0.1648
0.9510,0.1648
0.9515,0.1648
0.9520,0.1648
0.9525,0.1648
0.9530,0.1648
0.9535,0.1648
0.9540,0.1648
0.9545,0.1648
0.9550,0.1648
0.9555,0.1648
0.9560,0.1648
0.9565,0.1648
0.9570,0.1648
0.9575,0.1648
0.9580,0.1648
0.9585,0.1648
0.9590,0.1648
0.9595,0.1648
0.9600,0.1648
0.9605,0.1648
0.9610,0.1648
0.9615,0.1648
0.9620,0.1648
0.9625,0.1648
0.9630,0.1648
0.9635,0.1648
0.9640,0.1648
0.9645,0.1648
0.9650,0.1648
0.9655,0.1648
0.9660,0.1854
0.9665,0.1854
0.9670,0.1854
0.9675,0.1854
0.9680,0.1854
0.9685,0.1854
0.9690,0.1854
0.9695,0.1854
0.9700,0.1854
0.9705,0.1854
0.9710,0.1854
0.9715,0.1854
0.9720,0.1854
0.9725,0.1854
0.9730,0.1854
0.9735,0.1854
0.9740,0.1854
0.9745,0.1854
0.9750,0.1854
0.9755,0.1854
0.9760,0.1854
0.9765,0.1854
0.9770,0.1854
0.9775,0.1854
0.9780,0.1854
0.9785,0.1854
0.9790,0.1854
0.9795,0.1854
0.9800,0.1854
0.9805,0.1854
0.9810,0.1854
0.9815,0.1854
0.9820,0.1854
0.9825,0.1854
0.9830,0.1854
0.9835,0.1854
0.9840,0.1854
0.9845,0.1854
0.9850,0.1854
0.9855,0.1854
0.9860,0.1854
0.9865,0.1854
0.9870,0.1648
0.9875,0.1648
0.9880,0.1648
0.9885,0.1648
0.9890,0.1648
0.9895,0.1648
0.9900,0.1648
0.9905,0.1648
0.9910,0.1648
0.9915,0.1648
0.9920,0.1648
0.9925,0.1648
0.9930,0.1648
0.9935,0.1648
0.9940,0.1648
0.9945,0.1648
0.9950,0.1648
0.9955,0.1648
0.9960,0.1648
0.9965,0.1648
0.9970,0.1648
0.9975,0.1648
0.9980,0.1648
0.9985,0.1648
0.9990,0.1648
0.9995,0.1648
1.0000,0.1648
1.0005,0.1648
1.0010,0.1648
1.0015,0.1648
1.0020,0.1648
1.0025,0.1648
1.0030,0.1648
1.0035,0.1648
1.0040,0.1648
1.0045,0.1648
1.0050,0.1648
1.0055,0.1648
1.0060,0.1648
1.0065,0.1648
1.0070,0.1648
1.0075,0.1648
1.0080,0.1648
1.0085,0.1648
1.0090,0.1648
1.0095,0.1648
1.0100,0.1648
1.0105,0.1648
1.0110,0.1648
1.0115,0.1648
1.0120,0.1648
1.0125,0.1648
1.0130,0.1648
1.0135,0.1648
1.0140,0.1648
1.0145,0.1648
1.0150,0.1648
1.0155,0.1648
1.0160,0.1648
1.0165,0.1648
1.0170,0.1648
1.0175,0.1648
1.0180,0.1648
1.0185,0.1648
1.0190,0.1648
1.0195,0.1648
1.0200,0.1648
1.0205,0.1648
1.0210,0.1854
1.0215,0.1854
1.0220,0.1854
1.0225,0.1854
1.0230,0.1854
1.0235,0.1854
1.0240,0.1854
1.0245,0.1854
1.0250,0.1854
1.0255,0.1854
1.0260,0.1854
1.0265,0.1854
1.0270,0.1854
1.0275,0.1854
1.0280,0.1854
1.0285,0.1854
1.0290,0.1854
1.0295,0.1854
1.0300,0.1854
1.0305,0.1854
1.0310,0.1854
1.0315,0.1854
1.0320,0.1854
1.0325,0.1854
1.0330,0.1854
1.0335,0.1854
1.0340,0.2060
1.0345,0.2060
1.0350,0.2060
1.0355,0.2060
1.0360,0.2060
1.0365,0.2060
1.0370,0.2060
1.0375,0.2266
1.0380,0.2266
1.0385,0.2266
1.0390,0.2266
1.0395,0.2472
1.0400,0.2472
1.0405,0.2472
1.0410,0.2678
1.0415,0.2678
1.0420,0.2884
1.0425,0.3090
1.0430,0.3296
1.0435,0.3296
1.0440,0.3502
1.0445,0.3914
1.0450,0.4120
1.0455,0.4326
1.0460,0.4738
1.0465,0.4944
1.0470,0.5356
1.0475,0.5974
1.0480,0.6592
1.0485,0.7210
1.0490,0.7828
1.0495,0.8446
1.0500,0.8858
1.0505,0.9270
1.0510,0.9682
1.0515,1.0300
1.0520,1.0712
1.0525,1.0300
1.0530,0.9888
1.0535,0.9476
1.0540,0.9064
1.0545,0.8446
1.0550,0.7828
1.0555,0.7004
1.0560,0.6180
1.0565,0.5562
1.0570,0.4944
1.0575,0.4532
1.0580,0.4120
1.0585,0.3708
1.0590,0.3296
1.0595,0.3090
1.0600,0.2884
1.0605,0.2678
1.0610,0.2472
1.0615,0.2266
1.0620,0.2266
1.0625,0.2060
1.0630,0.2060
1.0635,0.2060
1.0640,0.2060
1.0645,0.2060
1.0650,0.2060
1.0655,0.2060
1.0660,0.1854
1.0665,0.1854
1.0670,0.1854
1.0675,0.1854
1.0680,0.1854
1.0685,0.1854
1.0690,0.1854
1.0695,0.1854
1.0700,0.1854
1.0705,0.1854
1.0710,0.1854
1.0715,0.1854
1.0720,0.1854
1.0725,0.1854
1.0730,0.1854
1.0735,0.1854
1.0740,0.1854
1.0745,0.1854
1.0750,0.1854
1.0755,0.1854
1.0760,0.1854
1.0765,0.1854
1.0770,0.1854
1.0775,0.1854
1.0780,0.2060
1.0785,0.2060
1.0790,0.2060
1.0795,0.2060
1.0800,0.2060
1.0805,0.2060
1.0810,0.2060
1.0815,0.2060
1.0820,0.2060
1.0825,0.2060
1.0830,0.2060
1.0835,0.2060
1.0840,0.2060
1.0845,0.2060
1.0850,0.2060
1.0855,0.2060
1.0860,0.2060
1.0865,0.2060
1.0870,0.2060
1.0875,0.2060
1.0880,0.2060
1.0885,0.2060
1.0890,0.2060
1.0895,0.2060
1.0900,0.2060
1.0905,0.2060
1.0910,0.2060
1.0915,0.2060
1.0920,0.1854
1.0925,0.2060
1.0930,0.2060
1.0935,0.2060
1.0940,0.2060
1.0945,0.2060
1.0950,0.2060
1.0955,0.2060
1.0960,0.2060
1.0965,0.2060
1.0970,0.2266
1.0975,0.2266
1.0980,0.2266
1.0985,0.2266
1.0990,0.2266
1.0995,0.2266
1.1000,0.2266
1.1005,0.2266
1.1010,0.2266
1.1015,0.2472
1.1020,0.2472
1.1025,0.2678
1.1030,0.2678
1.1035,0.2678
1.1040,0.2678
1.1045,0.2884
1.1050,0.2884
1.1055,0.2678
1.1060,0.2678
1.1065,0.2678
1.1070,0.2472
1.1075,0.2472
1.1080,0.2472
1.1085,0.2266
1.1090,0.2266
1.1095,0.2266
1.1100,0.2060
1.1105,0.2060
1.1110,0.2060
1.1115,0.2060
1.1120,0.2060
1.1125,0.2060
1.1130,0.1854
1.1135,0.1854
1.1140,0.1854
1.1145,0.1854
1.1150,0.1854
1.1155,0.1854
1.1160,0.1854
1.1165,0.1854
1.1170,0.1854
1.1175,0.1854
1.1180,0.1854
1.1185,0.1854
1.1190,0.1854
1.1195,0.1854
1.1200,0.1854
1.1205,0.1854
1.1210,0.1854
1.1215,0.1854
1.1220,0.1854
1.1225,0.1854
1.1230,0.1854
1.1235,0.1854
1.1240,0.1854
1.1245,0.1854
1.1250,0.1854
1.1255,0.1854
1.1260,0.1854
1.1265,0.1854
1.1270,0.1854
1.1275,0.1854
1.1280,0.1854
1.1285,0.1854
1.1290,0.1854
1.1295,0.1854
1.1300,0.1854
1.1305,0.1854
1.1310,0.1854
1.1315,0.1854
1.1320,0.1854
1.1325,0.1854
1.1330,0.1854
1.1335,0.1854
1.1340,0.1854
1.1345,0.1854
1.1350,0.1854
1.1355,0.1854
1.1360,0.1854
1.1365,0.1854
1.1370,0.1854
1.1375,0.1854
1.1380,0.1854
1.1385,0.1854
1.1390,0.1854
1.1395,0.1854
1.1400,0.1854
1.1405,0.1854
1.1410,0.1854
1.1415,0.1854
1.1420,0.1854
1.1425,0.1854
1.1430,0.1854
1.1435,0.1854
1.1440,0.1854
1.1445,0.1854
1.1450,0.1854
1.1455,0.1854
1.1460,0.1854
1.1465,0.1854
1.1470,0.1854
1.1475,0.1854
1.1480,0.1854
1.1485,0.1854
1.1490,0.1854
1.1495,0.1854
1.1500,0.1854
1.1505,0.1854
1.1510,0.1854
1.1515,0.1854
1.1520,0.1854
1.1525,0.1854
1.1530,0.1854
1.1535,0.1854
1.1540,0.1854
1.1545,0.1854
1.1550,0.1854
1.1555,0.1854
1.1560,0.1854
1.1565,0.1854
1.1570,0.1854
1.1575,0.1854
1.1580,0.1854
1.1585,0.1854
1.1590,0.1854
1.1595,0.1854
1.1600,0.1854
1.1605,0.1854
1.1610,0.1854
1.1615,0.1854
1.1620,0.1854
1.1625,0.1854
1.1630,0.1854
1.1635,0.1854
1.1640,0.1854
1.1645,0.1854
1.1650,0.1854
1.1655,0.1854
1.1660,0.1854
1.1665,0.1854
1.1670,0.1854
1.1675,0.1854
1.1680,0.1854
1.1685,0.1854
1.1690,0.1854
1.1695,0.1854
1.1700,0.1854
1.1705,0.1854
1.1710,0.1854
1.1715,0.1854
1.1720,0.1854
1.1725,0.1854
1.1730,0.1854
1.1735,0.1854
1.1740,0.1854
1.1745,0.1854
1.1750,0.1854
1.1755,0.1854
1.1760,0.1854
1.1765,0.1854
1.1770,0.1648
1.1775,0.1854
1.1780,0.1648
1.1785,0.1854
1.1790,0.1854
1.1795,0.1854
1.1800,0.1854
1.1805,0.1854
1.1810,0.1854
1.1815,0.1854
1.1820,0.1854
1.1825,0.1854
1.1830,0.1854
1.1835,0.1854
1.1840,0.1854
1.1845,0.1854
1.1850,0.1854
1.1855,0.1854
1.1860,0.1854
1.1865,0.1854
1.1870,0.1854
1.1875,0.1648
1.1880,0.1648
1.1885,0.1648
1.1890,0.1648
1.1895,0.1648
1.1900,0.1648
1.1905,0.1648
1.1910,0.1648
1.1915,0.1648
1.1920,0.1648
1.1925,0.1648
1.1930,0.1648
1.1935,0.1648
1.1940,0.1648
1.1945,0.1648
1.1950,0.1648
1.1955,0.1648
1.1960,0.1648
1.1965,0.1648
1.1970,0.1648
1.1975,0.1648
1.1980,0.1648
1.1985,0.1648
1.1990,0.1648
1.1995,0.1648
1.2000,0.1854
1.2005,0.1854
1.2010,0.1854
1.2015,0.1854
1.2020,0.1854
1.2025,0.1854
1.2030,0.1854
1.2035,0.1854
1.2040,0.1854
1.2045,0.1854
1.2050,0.1854
1.2055,0.1854
1.2060,0.1854
1.2065,0.1854
1.2070,0.1854
1.2075,0.1854
1.2080,0.1854
1.2085,0.1854
1.2090,0.1854
1.2095,0.1854
1.2100,0.1854
1.2105,0.1854
1.2110,0.1854
1.2115,0.1854
1.2120,0.1854
1.2125,0.1854
1.2130,0.1854
1.2135,0.1854
1.2140,0.1854
1.2145,0.1854
1.2150,0.1854
1.2155,0.1854
1.2160,0.1854
1.2165,0.1854
1.2170,0.1854
1.2175,0.1854
1.2180,0.1854
1.2185,0.1854
1.2190,0.1854
1.2195,0.1854
1.2200,0.1854
1.2205,0.1854
1.2210,0.1854
1.2215,0.2060
1.2220,0.2060
1.2225,0.2060
1.2230,0.2060
1.2235,0.2060
1.2240,0.2060
1.2245,0.2060
1.2250,0.2060
1.2255,0.2060
1.2260,0.2060
1.2265,0.2060
1.2270,0.2060
1.2275,0.2060
1.2280,0.2060
1.2285,0.2060
1.2290,0.2060
1.2295,0.2060
1.2300,0.2060
1.2305,0.2060
1.2310,0.2060
1.2315,0.2060
1.2320,0.2060
1.2325,0.2060
1.2330,0.2060
1.2335,0.2060
1.2340,0.2060
1.2345,0.2060
1.2350,0.2060
1.2355,0.2060
1.2360,0.2060
1.2365,0.2060
1.2370,0.2266
1.2375,0.2266
1.2380,0.2266
1.2385,0.2266
1.2390,0.2266
1.2395,0.2266
1.2400,0.2266
1.2405,0.2266
1.2410,0.2266
1.2415,0.2266
1.2420,0.2266
1.2425,0.2266
1.2430,0.2266
1.2435,0.2266
1.2440,0.2266
1.2445,0.2266
1.2450,0.2266
1.2455,0.2266
1.2460,0.2266
1.2465,0.2472
1.2470,0.2472
1.2475,0.2472
1.2480,0.2472
1.2485,0.2472
1.2490,0.2472
1.2495,0.2472
1.2500,0.2678
1.2505,0.2678
1.2510,0.2678
1.2515,0.2678
1.2520,0.2884
1.2525,0.2884
1.2530,0.2884
1.2535,0.2884
1.2540,0.3090
1.2545,0.3090
1.2550,0.3090
1.2555,0.3296
1.2560,0.3296
1.2565,0.3296
1.2570,0.3502
1.2575,0.3502
1.2580,0.3708
1.2585,0.3914
1.2590,0.4120
1.2595,0.4120
1.2600,0.4532
1.2605,0.4738
1.2610,0.4944
1.2615,0.5150
1.2620,0.5768
1.2625,0.6180
1.2630,0.6592
1.2635,0.7004
1.2640,0.8034
1.2645,0.9064
1.2650,1.0300
1.2655,1.1124
1.2660,1.2360
1.2665,1.3596
1.2670,1.4832
1.2675,1.6686
1.2680,1.8540
1.2685,1.9982
1.2690,2.1630
1.2695,2.2660
1.2700,2.3484
1.2705,2.4308
1.2710,2.5338
1.2715,2.5338
1.2720,2.4308
1.2725,2.3484
1.2730,2.2454
1.2735,2.1424
1.2740,2.0188
1.2745,1.8746
1.2750,1.7304
1.2755,1.5862
1.2760,1.4420
1.2765,1.2978
1.2770,1.1948
1.2775,1.0712
1.2780,1.0094
1.2785,0.9270
1.2790,0.8446
1.2795,0.7416
1.2800,0.6592
1.2805,0.6180
1.2810,0.5562
1.2815,0.5150
1.2820,0.4738
1.2825,0.4532
1.2830,0.4120
1.2835,0.3914
1.2840,0.3502
1.2845,0.3296
1.2850,0.3296
1.2855,0.3090
1.2860,0.2884
1.2865,0.2678
1.2870,0.2678
1.2875,0.2472
1.2880,0.2472
1.2885,0.2472
1.2890,0.2472
1.2895,0.2266
1.2900,0.2266
1.2905,0.2266
1.2910,0.2266
1.2915,0.2266
1.2920,0.2266
1.2925,0.2266
1.2930,0.2266
1.2935,0.2266
1.2940,0.2266
1.2945,0.2266
1.2950,0.2266
1.2955,0.2266
1.2960,0.2266
1.2965,0.2060
1.2970,0.2060
1.2975,0.2060
1.2980,0.2060
1.2985,0.2060
1.2990,0.2060
1.2995,0.2060
1.3000,0.2060
1.3005,0.2060
1.3010,0.2060
1.3015,0.2060
1.3020,0.2060
1.3025,0.2060
1.3030,0.2060
1.3035,0.2060
1.3040,0.2060
1.3045,0.2060
1.3050,0.2060
1.3055,0.2060
1.3060,0.2060
1.3065,0.2060
1.3070,0.2060
1.3075,0.2060
1.3080,0.2060
1.3085,0.2060
1.3090,0.2060
1.3095,0.2060
1.3100,0.2060
1.3105,0.2060
1.3110,0.2060
1.3115,0.2060
1.3120,0.2060
1.3125,0.2060
1.3130,0.2060
1.3135,0.2060
1.3140,0.2060
1.3145,0.2060
1.3150,0.2060
1.3155,0.2060
1.3160,0.2060
1.3165,0.2060
1.3170,0.2060
1.3175,0.2060
1.3180,0.2060
1.3185,0.2060
1.3190,0.2060
1.3195,0.2060
1.3200,0.2060
1.3205,0.2060
1.3210,0.2060
1.3215,0.2060
1.3220,0.2060
1.3225,0.2060
1.3230,0.2060
1.3235,0.2060
1.3240,0.2060
1.3245,0.2060
1.3250,0.2060
1.3255,0.2060
1.3260,0.2060
1.3265,0.2060
1.3270,0.2060
1.3275,0.2060
1.3280,0.2060
1.3285,0.2060
1.3290,0.2060
1.3295,0.2060
1.3300,0.2060
1.3305,0.2060
1.3310,0.2060
1.3315,0.2060
1.3320,0.2060
1.3325,0.2060
1.3330,0.2060
1.3335,0.2060
1.3340,0.2060
1.3345,0.2060
1.3350,0.2060
1.3355,0.2060
1.3360,0.2060
1.3365,0.2060
1.3370,0.2060
1.3375,0.2266
1.3380,0.2266
1.3385,0.2266
1.3390,0.2266
1.3395,0.2266
1.3400,0.2266
1.3405,0.2266
1.3410,0.2266
1.3415,0.2472
1.3420,0.2472
1.3425,0.2472
1.3430,0.2472
1.3435,0.2472
1.3440,0.2678
1.3445,0.2678
1.3450,0.2678
1.3455,0.2678
1.3460,0.2678
1.3465,0.2678
1.3470,0.2678
1.3475,0.2678
1.3480,0.2678
1.3485,0.2678
1.3490,0.2472
1.3495,0.2472
1.3500,0.2472
1.3505,0.2472
1.3510,0.2472
1.3515,0.2472
1.3520,0.2472
1.3525,0.2472
1.3530,0.2472
1.3535,0.2472
1.3540,0.2472
1.3545,0.2472
1.3550,0.2472
1.3555,0.2266
1.3560,0.2472
1.3565,0.2472
1.3570,0.2472
1.3575,0.2472
1.3580,0.2472
1.3585,0.2472
1.3590,0.2472
1.3595,0.2678
1.3600,0.2678
1.3605,0.2678
1.3610,0.2678
1.3615,0.2884
1.3620,0.2884
1.3625,0.2884
1.3630,0.2884
1.3635,0.2884
1.3640,0.3090
1.3645,0.3090
1.3650,0.3090
1.3655,0.3090
1.3660,0.3090
1.3665,0.3090
1.3670,0.3090
1.3675,0.3090
1.3680,0.3090
1.3685,0.3090
1.3690,0.3090
1.3695,0.3090
1.3700,0.3090
1.3705,0.3090
1.3710,0.3090
1.3715,0.3296
1.3720,0.3296
1.3725,0.3296
1.3730,0.3296
1.3735,0.3090
1.3740,0.3090
1.3745,0.2884
1.3750,0.2884
1.3755,0.2884
1.3760,0.2678
1.3765,0.2678
1.3770,0.2678
1.3775,0.2472
1.3780,0.2472
1.3785,0.2266
1.3790,0.2472
1.3795,0.2472
1.3800,0.2266
1.3805,0.2266
1.3810,0.2266
1.3815,0.2266
1.3820,0.2266
1.3825,0.2060
1.3830,0.2060
1.3835,0.2060
1.3840,0.2060
1.3845,0.2060
1.3850,0.2060
1.3855,0.2060
1.3860,0.2060
1.3865,0.2060
1.3870,0.2060
1.3875,0.2060
1.3880,0.1854
1.3885,0.1854
1.3890,0.1854
1.3895,0.1854
1.3900,0.1854
1.3905,0.1854
1.3910,0.1854
1.3915,0.1854
1.3920,0.1854
1.3925,0.1854
1.3930,0.1854
1.3935,0.1854
1.3940,0.1854
1.3945,0.1854
1.3950,0.1854
1.3955,0.1854
1.3960,0.1854
1.3965,0.1854
1.3970,0.1854
1.3975,0.1854
1.3980,0.1854
1.3985,0.1854
1.3990,0.1854
1.3995,0.1854
1.4000,0.1854
1.4005,0.1854
1.4010,0.1854
1.4015,0.1854
1.4020,0.1854
1.4025,0.1854
1.4030,0.1854
1.4035,0.1854
1.4040,0.1854
1.4045,0.1854
1.4050,0.1854
1.4055,0.1854
1.4060,0.1854
1.4065,0.1854
1.4070,0.1854
1.4075,0.1854
1.4080,0.1854
1.4085,0.1854
1.4090,0.1854
1.4095,0.1854
1.4100,0.1854
1.4105,0.1854
1.4110,0.1854
1.4115,0.1854
1.4120,0.1854
1.4125,0.1854
1.4130,0.1854
1.4135,0.1854
1.4140,0.1854
1.4145,0.1854
1.4150,0.1854
1.4155,0.1854
1.4160,0.1854
1.4165,0.1854
1.4170,0.1854
1.4175,0.1854
1.4180,0.1854
1.4185,0.1854
1.4190,0.2060
1.4195,0.2060
1.4200,0.2060
1.4205,0.2060
1.4210,0.2060
1.4215,0.2060
1.4220,0.2060
1.4225,0.2060
1.4230,0.2060
1.4235,0.2060
1.4240,0.2060
1.4245,0.2060
1.4250,0.2060
1.4255,0.2060
1.4260,0.2060
1.4265,0.2060
1.4270,0.2060
1.4275,0.2060
1.4280,0.2060
1.4285,0.2060
1.4290,0.2060
1.4295,0.2060
1.4300,0.2060
1.4305,0.2060
1.4310,0.2060
1.4315,0.2060
1.4320,0.2060
1.4325,0.2060
1.4330,0.2060
1.4335,0.2060
1.4340,0.2060
1.4345,0.1854
1.4350,0.1854
1.4355,0.2060
1.4360,0.2060
1.4365,0.2060
1.4370,0.1854
1.4375,0.1854
1.4380,0.2060
1.4385,0.2060
1.4390,0.2060
1.4395,0.2060
1.4400,0.2060
1.4405,0.2060
1.4410,0.2060
1.4415,0.2060
1.4420,0.2060
1.4425,0.2060
1.4430,0.2060
1.4435,0.2060
1.4440,0.2060
1.4445,0.2060
1.4450,0.2060
1.4455,0.2060
1.4460,0.2060
1.4465,0.2060
1.4470,0.2060
1.4475,0.2266
1.4480,0.2266
1.4485,0.2266
1.4490,0.2266
1.4495,0.2266
1.4500,0.2266
1.4505,0.2266
1.4510,0.2266
1.4515,0.2266
1.4520,0.2266
1.4525,0.2266
1.4530,0.2266
1.4535,0.2266
1.4540,0.2266
1.4545,0.2266
1.4550,0.2266
1.4555,0.2266
1.4560,0.2266
1.4565,0.2266
1.4570,0.2266
1.4575,0.2266
1.4580,0.2266
1.4585,0.2266
1.4590,0.2266
1.4595,0.2266
1.4600,0.2266
1.4605,0.2266
1.4610,0.2266
1.4615,0.2266
1.4620,0.2266
1.4625,0.2266
1.4630,0.2266
1.4635,0.2266
1.4640,0.2266
1.4645,0.2266
1.4650,0.2266
1.4655,0.2266
1.4660,0.2472
1.4665,0.2472
1.4670,0.2472
1.4675,0.2472
1.4680,0.2472
1.4685,0.2472
1.4690,0.2472
1.4695,0.2472
1.4700,0.2678
1.4705,0.2678
1.4710,0.2678
1.4715,0.2678
1.4720,0.2678
1.4725,0.2678
1.4730,0.2884
1.4735,0.2884
1.4740,0.2884
1.4745,0.2884
1.4750,0.3090
1.4755,0.3296
1.4760,0.3296
1.4765,0.3502
1.4770,0.3708
1.4775,0.3914
1.4780,0.3914
1.4785,0.4120
1.4790,0.4326
1.4795,0.4326
1.4800,0.4532
1.4805,0.4532
1.4810,0.4738
1.4815,0.4738
1.4820,0.4738
1.4825,0.4944
1.4830,0.4944
1.4835,0.4944
1.4840,0.4944
1.4845,0.5150
1.4850,0.5356
1.4855,0.5356
1.4860,0.5562
1.4865,0.5974
1.4870,0.6180
1.4875,0.6592
1.4880,0.6798
1.4885,0.7210
1.4890,0.7416
1.4895,0.7828
1.4900,0.8652
1.4905,0.9270
1.4910,1.0094
1.4915,1.0712
1.4920,1.1536
1.4925,1.2154
1.4930,1.3184
1.4935,1.4214
1.4940,1.5656
1.4945,1.6892
1.4950,1.8334
1.4955,1.9776
1.4960,2.1424
1.4965,2.3278
1.4970,2.5544
1.4975,2.7604
1.4980,2.9870
1.4985,3.2960
1.4990,3.6050
1.4995,4.0170
1.5000,4.4290
1.5005,4.9028
1.5010,5.3972
1.5015,6.0152
1.5020,6.6744
1.5025,7.4366
1.5030,8.2812
1.5035,9.2494
1.5040,10.2794
1.5045,11.3506
1.5050,12.5042
1.5055,13.5136
1.5060,14.4612
1.5065,15.3676
1.5070,16.0268
1.5075,16.7478
1.5080,17.4482
1.5085,18.1898
1.5090,18.7872
1.5095,19.0344
1.5100,18.9108
1.5105,18.6018
1.5110,17.9838
1.5115,17.2010
1.5120,16.4388
1.5125,15.7796
1.5130,15.1410
1.5135,14.3582
1.5140,13.6578
1.5145,12.7514
1.5150,11.7420
1.5155,10.7326
1.5160,9.6820
1.5165,8.7344
1.5170,7.8486
1.5175,7.0864
1.5180,6.4272
1.5185,5.8092
1.5190,5.2324
1.5195,4.6968
1.5200,4.2436
1.5205,3.8110
1.5210,3.4402
1.5215,3.1106
1.5220,2.8222
1.5225,2.5750
1.5230,2.3484
1.5235,2.1218
1.5240,1.9364
1.5245,1.7716
1.5250,1.6068
1.5255,1.4626
1.5260,1.3596
1.5265,1.2566
1.5270,1.1330
1.5275,1.0094
1.5280,0.9270
1.5285,0.8652
1.5290,0.8034
1.5295,0.7416
1.5300,0.7004
1.5305,0.6386
1.5310,0.5768
1.5315,0.5356
1.5320,0.5150
1.5325,0.4944
1.5330,0.4532
1.5335,0.4532
1.5340,0.4326
1.5345,0.4120
1.5350,0.3914
1.5355,0.3914
1.5360,0.3708
1.5365,0.3502
1.5370,0.3502
1.5375,0.3502
1.5380,0.3296
1.5385,0.3296
1.5390,0.3296
1.5395,0.3296
1.5400,0.3296
1.5405,0.3296
1.5410,0.3296
1.5415,0.3090
1.5420,0.3090
1.5425,0.3090
1.5430,0.3090
1.5435,0.3090
1.5440,0.3090
1.5445,0.3090
1.5450,0.3090
1.5455,0.3090
1.5460,0.3090
1.5465,0.3090
1.5470,0.3090
1.5475,0.3090
1.5480,0.3090
1.5485,0.3090
1.5490,0.3090
1.5495,0.3090
1.5500,0.3090
1.5505,0.3090
1.5510,0.3090
1.5515,0.2884
1.5520,0.2884
1.5525,0.2884
1.5530,0.2884
1.5535,0.2884
1.5540,0.2884
1.5545,0.2884
1.5550,0.2884
1.5555,0.2884
1.5560,0.2884
1.5565,0.2678
1.5570,0.2678
1.5575,0.2678
1.5580,0.2678
1.5585,0.2678
1.5590,0.2884
